0 	 2.607981 	 2.607981 	 7.820184 	 10.428165 
1 	 2.580088 	 2.580088 	 7.848548 	 10.428635 
2 	 2.561253 	 2.561253 	 7.867791 	 10.429044 
3 	 2.557553 	 2.557553 	 7.871748 	 10.429301 
4 	 2.572739 	 2.572739 	 7.856612 	 10.429350 
5 	 2.607395 	 2.607395 	 7.821796 	 10.429191 
6 	 2.658908 	 2.658908 	 7.769966 	 10.428874 
7 	 2.722219 	 2.722219 	 7.706264 	 10.428482 
8 	 2.791039 	 2.791039 	 7.637060 	 10.428099 
9 	 2.859131 	 2.859131 	 7.568655 	 10.427786 
10 	 2.921302 	 2.921302 	 7.506276 	 10.427578 
11 	 2.973951 	 2.973951 	 7.453524 	 10.427475 
12 	 3.015154 	 3.015154 	 7.412302 	 10.427456 
13 	 3.044345 	 3.044345 	 7.383137 	 10.427482 
14 	 3.061759 	 3.061759 	 7.365752 	 10.427511 
15 	 3.067815 	 3.067815 	 7.359696 	 10.427511 
16 	 3.062645 	 3.062645 	 7.364825 	 10.427470 
17 	 3.045910 	 3.045910 	 7.381494 	 10.427403 
18 	 3.017066 	 3.017066 	 7.410297 	 10.427363 
19 	 2.976166 	 2.976166 	 7.451269 	 10.427435 
20 	 2.925072 	 2.925072 	 7.502633 	 10.427705 
21 	 2.868582 	 2.868582 	 7.559620 	 10.428202 
22 	 2.814687 	 2.814687 	 7.614164 	 10.428851 
23 	 2.773383 	 2.773383 	 7.656099 	 10.429483 
24 	 2.754172 	 2.754172 	 7.675728 	 10.429899 
25 	 2.763226 	 2.763226 	 7.666746 	 10.429972 
26 	 2.801554 	 2.801554 	 7.628150 	 10.429703 
27 	 2.864961 	 2.864961 	 7.564244 	 10.429205 
28 	 2.945608 	 2.945608 	 7.483022 	 10.428630 
29 	 3.034237 	 3.034237 	 7.393868 	 10.428105 
30 	 3.122124 	 3.122124 	 7.305578 	 10.427703 
31 	 3.202296 	 3.202296 	 7.225147 	 10.427443 
32 	 3.269962 	 3.269962 	 7.157348 	 10.427310 
33 	 3.322360 	 3.322360 	 7.104905 	 10.427265 
34 	 3.358268 	 3.358268 	 7.069002 	 10.427270 
35 	 3.377446 	 3.377446 	 7.049851 	 10.427297 
36 	 3.380246 	 3.380246 	 7.047097 	 10.427343 
37 	 3.367516 	 3.367516 	 7.059907 	 10.427424 
38 	 3.340817 	 3.340817 	 7.086752 	 10.427568 
39 	 3.302752 	 3.302752 	 7.125041 	 10.427792 
40 	 3.257100 	 3.257100 	 7.170973 	 10.428073 
41 	 3.208413 	 3.208413 	 7.219928 	 10.428341 
42 	 3.161000 	 3.161000 	 7.267505 	 10.428506 
43 	 3.117667 	 3.117667 	 7.310843 	 10.428510 
44 	 3.078974 	 3.078974 	 7.349405 	 10.428379 
45 	 3.043623 	 3.043623 	 7.384593 	 10.428216 
46 	 3.009883 	 3.009883 	 7.418260 	 10.428143 
47 	 2.977277 	 2.977277 	 7.450954 	 10.428231 
48 	 2.947530 	 2.947530 	 7.480934 	 10.428464 
49 	 2.924341 	 2.924341 	 7.504416 	 10.428757 
50 	 2.912128 	 2.912128 	 7.516866 	 10.428994 
51 	 2.914285 	 2.914285 	 7.514776 	 10.429061 
52 	 2.931573 	 2.931573 	 7.497320 	 10.428894 
53 	 2.961235 	 2.961235 	 7.467275 	 10.428510 
54 	 2.997323 	 2.997323 	 7.430690 	 10.428013 
55 	 3.032259 	 3.032259 	 7.395293 	 10.427552 
56 	 3.059044 	 3.059044 	 7.368218 	 10.427262 
57 	 3.073249 	 3.073249 	 7.353962 	 10.427211 
58 	 3.074033 	 3.074033 	 7.353343 	 10.427376 
59 	 3.063884 	 3.063884 	 7.363777 	 10.427661 
60 	 3.047244 	 3.047244 	 7.380697 	 10.427941 
61 	 3.028769 	 3.028769 	 7.399366 	 10.428135 
62 	 3.012152 	 3.012152 	 7.416098 	 10.428250 
63 	 3.000104 	 3.000104 	 7.428256 	 10.428361 
64 	 2.995176 	 2.995176 	 7.433350 	 10.428526 
65 	 3.000370 	 3.000370 	 7.428345 	 10.428715 
66 	 3.018550 	 3.018550 	 7.410245 	 10.428796 
67 	 3.050633 	 3.050633 	 7.377996 	 10.428629 
68 	 3.093763 	 3.093763 	 7.334421 	 10.428184 
69 	 3.140964 	 3.140964 	 7.286610 	 10.427574 
70 	 3.182801 	 3.182801 	 7.244194 	 10.426994 
71 	 3.210155 	 3.210155 	 7.216451 	 10.426606 
72 	 3.216688 	 3.216688 	 7.209789 	 10.426478 
73 	 3.200077 	 3.200077 	 7.226524 	 10.426601 
74 	 3.162117 	 3.162117 	 7.264828 	 10.426945 
75 	 3.108343 	 3.108343 	 7.319143 	 10.427485 
76 	 3.047509 	 3.047509 	 7.380664 	 10.428172 
77 	 2.990469 	 2.990469 	 7.438388 	 10.428857 
78 	 2.947757 	 2.947757 	 7.481552 	 10.429309 
79 	 2.926325 	 2.926325 	 7.503053 	 10.429378 
80 	 2.927466 	 2.927466 	 7.501659 	 10.429125 
81 	 2.947520 	 2.947520 	 7.481234 	 10.428753 
82 	 2.980547 	 2.980547 	 7.447881 	 10.428428 
83 	 3.020696 	 3.020696 	 7.407491 	 10.428187 
84 	 3.063062 	 3.063062 	 7.364935 	 10.427997 
85 	 3.103511 	 3.103511 	 7.324314 	 10.427825 
86 	 3.138387 	 3.138387 	 7.289276 	 10.427663 
87 	 3.164541 	 3.164541 	 7.262993 	 10.427534 
88 	 3.179742 	 3.179742 	 7.247742 	 10.427485 
89 	 3.183351 	 3.183351 	 7.244210 	 10.427561 
90 	 3.176875 	 3.176875 	 7.250893 	 10.427768 
91 	 3.163872 	 3.163872 	 7.264176 	 10.428047 
92 	 3.149043 	 3.149043 	 7.279280 	 10.428323 
93 	 3.137051 	 3.137051 	 7.291497 	 10.428549 
94 	 3.131744 	 3.131744 	 7.296973 	 10.428717 
95 	 3.135882 	 3.135882 	 7.292940 	 10.428822 
96 	 3.151022 	 3.151022 	 7.277830 	 10.428852 
97 	 3.177410 	 3.177410 	 7.251397 	 10.428807 
98 	 3.214086 	 3.214086 	 7.214630 	 10.428716 
99 	 3.259321 	 3.259321 	 7.169297 	 10.428618 
100 	 3.311182 	 3.311182 	 7.117354 	 10.428536 
101 	 3.367874 	 3.367874 	 7.060590 	 10.428464 
102 	 3.427679 	 3.427679 	 7.000693 	 10.428371 
103 	 3.488512 	 3.488512 	 6.939701 	 10.428213 
104 	 3.547316 	 3.547316 	 6.880635 	 10.427950 
105 	 3.599540 	 3.599540 	 6.828028 	 10.427568 
106 	 3.639000 	 3.639000 	 6.788085 	 10.427085 
107 	 3.658272 	 3.658272 	 6.768291 	 10.426563 
108 	 3.649715 	 3.649715 	 6.776387 	 10.426103 
109 	 3.607070 	 3.607070 	 6.818765 	 10.425835 
110 	 3.527438 	 3.527438 	 6.898456 	 10.425894 
111 	 3.413189 	 3.413189 	 7.013176 	 10.426365 
112 	 3.273038 	 3.273038 	 7.154183 	 10.427221 
113 	 3.121392 	 3.121392 	 7.306891 	 10.428283 
114 	 2.975577 	 2.975577 	 7.453694 	 10.429271 
115 	 2.851765 	 2.851765 	 7.578192 	 10.429957 
116 	 2.761661 	 2.761661 	 7.668636 	 10.430297 
117 	 2.711548 	 2.711548 	 7.718832 	 10.430380 
118 	 2.703152 	 2.703152 	 7.727123 	 10.430275 
119 	 2.734494 	 2.734494 	 7.695474 	 10.429968 
120 	 2.799985 	 2.799985 	 7.629468 	 10.429453 
121 	 2.890571 	 2.890571 	 7.538217 	 10.428788 
122 	 2.994739 	 2.994739 	 7.433336 	 10.428075 
123 	 3.100066 	 3.100066 	 7.327330 	 10.427396 
124 	 3.194693 	 3.194693 	 7.232125 	 10.426818 
125 	 3.268511 	 3.268511 	 7.157893 	 10.426403 
126 	 3.314235 	 3.314235 	 7.111977 	 10.426212 
127 	 3.328351 	 3.328351 	 7.097930 	 10.426282 
128 	 3.311638 	 3.311638 	 7.114964 	 10.426603 
129 	 3.268942 	 3.268942 	 7.158165 	 10.427106 
130 	 3.208103 	 3.208103 	 7.219581 	 10.427684 
131 	 3.138258 	 3.138258 	 7.289958 	 10.428216 
132 	 3.068026 	 3.068026 	 7.360593 	 10.428619 
133 	 3.004150 	 3.004150 	 7.424711 	 10.428861 
134 	 2.950937 	 2.950937 	 7.478019 	 10.428956 
135 	 2.910337 	 2.910337 	 7.518590 	 10.428926 
136 	 2.882249 	 2.882249 	 7.546539 	 10.428788 
137 	 2.864847 	 2.864847 	 7.563718 	 10.428565 
138 	 2.855074 	 2.855074 	 7.573246 	 10.428319 
139 	 2.849570 	 2.849570 	 7.578569 	 10.428139 
140 	 2.845946 	 2.845946 	 7.582155 	 10.428101 
141 	 2.843761 	 2.843761 	 7.584448 	 10.428209 
142 	 2.844552 	 2.844552 	 7.583830 	 10.428381 
143 	 2.850680 	 2.850680 	 7.577811 	 10.428491 
144 	 2.863619 	 2.863619 	 7.564826 	 10.428445 
145 	 2.882780 	 2.882780 	 7.545481 	 10.428261 
146 	 2.905756 	 2.905756 	 7.522300 	 10.428056 
147 	 2.929921 	 2.929921 	 7.498049 	 10.427970 
148 	 2.954237 	 2.954237 	 7.473815 	 10.428052 
149 	 2.979880 	 2.979880 	 7.448339 	 10.428219 
150 	 3.009037 	 3.009037 	 7.419262 	 10.428299 
151 	 3.042576 	 3.042576 	 7.385578 	 10.428154 
152 	 3.078207 	 3.078207 	 7.349577 	 10.427784 
153 	 3.110540 	 3.110540 	 7.316797 	 10.427337 
154 	 3.133164 	 3.133164 	 7.293858 	 10.427022 
155 	 3.141621 	 3.141621 	 7.285379 	 10.427001 
156 	 3.135712 	 3.135712 	 7.291602 	 10.427314 
157 	 3.120126 	 3.120126 	 7.307751 	 10.427878 
158 	 3.103205 	 3.103205 	 7.325314 	 10.428519 
159 	 3.094410 	 3.094410 	 7.334638 	 10.429048 
160 	 3.101520 	 3.101520 	 7.327811 	 10.429332 
161 	 3.128611 	 3.128611 	 7.300721 	 10.429332 
162 	 3.175383 	 3.175383 	 7.253709 	 10.429092 
163 	 3.237717 	 3.237717 	 7.190976 	 10.428693 
164 	 3.308879 	 3.308879 	 7.119339 	 10.428218 
165 	 3.380859 	 3.380859 	 7.046879 	 10.427738 
166 	 3.445566 	 3.445566 	 6.981744 	 10.427310 
167 	 3.495823 	 3.495823 	 6.931150 	 10.426973 
168 	 3.526049 	 3.526049 	 6.900689 	 10.426738 
169 	 3.532563 	 3.532563 	 6.894035 	 10.426598 
170 	 3.513593 	 3.513593 	 6.912950 	 10.426543 
171 	 3.469299 	 3.469299 	 6.957304 	 10.426603 
172 	 3.402266 	 3.402266 	 7.024597 	 10.426864 
173 	 3.318660 	 3.318660 	 7.108779 	 10.427439 
174 	 3.229455 	 3.229455 	 7.198896 	 10.428351 
175 	 3.150064 	 3.150064 	 7.279308 	 10.429371 
176 	 3.096440 	 3.096440 	 7.333566 	 10.430006 
177 	 3.078083 	 3.078083 	 7.351741 	 10.429824 
178 	 3.092391 	 3.092391 	 7.336489 	 10.428881 
179 	 3.125457 	 3.125457 	 7.302228 	 10.427685 
180 	 3.158842 	 3.158842 	 7.267890 	 10.426732 
181 	 3.176712 	 3.176712 	 7.249481 	 10.426193 
182 	 3.169118 	 3.169118 	 7.256886 	 10.426003 
183 	 3.131847 	 3.131847 	 7.294216 	 10.426063 
184 	 3.065399 	 3.065399 	 7.360954 	 10.426354 
185 	 2.974647 	 2.974647 	 7.452263 	 10.426911 
186 	 2.869062 	 2.869062 	 7.558675 	 10.427737 
187 	 2.762318 	 2.762318 	 7.666397 	 10.428715 
188 	 2.670235 	 2.670235 	 7.759365 	 10.429601 
189 	 2.607043 	 2.607043 	 7.823079 	 10.430122 
190 	 2.581415 	 2.581415 	 7.848716 	 10.430131 
191 	 2.594264 	 2.594264 	 7.835410 	 10.429674 
192 	 2.639246 	 2.639246 	 7.789687 	 10.428933 
193 	 2.705322 	 2.705322 	 7.722799 	 10.428121 
194 	 2.779925 	 2.779925 	 7.647483 	 10.427408 
195 	 2.851685 	 2.851685 	 7.575217 	 10.426902 
196 	 2.912218 	 2.912218 	 7.514425 	 10.426643 
197 	 2.956963 	 2.956963 	 7.469664 	 10.426628 
198 	 2.985271 	 2.985271 	 7.441553 	 10.426824 
199 	 2.999948 	 2.999948 	 7.427227 	 10.427175 
200 	 3.006270 	 3.006270 	 7.421305 	 10.427575 
201 	 3.010325 	 3.010325 	 7.417556 	 10.427881 
202 	 3.016871 	 3.016871 	 7.411098 	 10.427969 
203 	 3.027623 	 3.027623 	 7.400205 	 10.427828 
204 	 3.041085 	 3.041085 	 7.386493 	 10.427578 
205 	 3.054119 	 3.054119 	 7.373258 	 10.427377 
206 	 3.064080 	 3.064080 	 7.363230 	 10.427310 
207 	 3.070044 	 3.070044 	 7.357313 	 10.427357 
208 	 3.072680 	 3.072680 	 7.354771 	 10.427451 
209 	 3.073380 	 3.073380 	 7.354157 	 10.427537 
210 	 3.073465 	 3.073465 	 7.354127 	 10.427593 
211 	 3.073794 	 3.073794 	 7.353826 	 10.427620 
212 	 3.074749 	 3.074749 	 7.352887 	 10.427636 
213 	 3.076433 	 3.076433 	 7.351219 	 10.427653 
214 	 3.078773 	 3.078773 	 7.348875 	 10.427647 
215 	 3.081214 	 3.081214 	 7.346356 	 10.427571 
216 	 3.082152 	 3.082152 	 7.345246 	 10.427398 
217 	 3.078743 	 3.078743 	 7.348437 	 10.427180 
218 	 3.067708 	 3.067708 	 7.359323 	 10.427031 
219 	 3.046926 	 3.046926 	 7.380132 	 10.427058 
220 	 3.016933 	 3.016933 	 7.410364 	 10.427296 
221 	 2.981392 	 2.981392 	 7.446298 	 10.427690 
222 	 2.946300 	 2.946300 	 7.481828 	 10.428129 
223 	 2.918402 	 2.918402 	 7.510103 	 10.428505 
224 	 2.903542 	 2.903542 	 7.525199 	 10.428742 
225 	 2.905400 	 2.905400 	 7.523388 	 10.428788 
226 	 2.924663 	 2.924663 	 7.503956 	 10.428618 
227 	 2.958645 	 2.958645 	 7.469601 	 10.428245 
228 	 3.001579 	 3.001579 	 7.426171 	 10.427750 
229 	 3.045885 	 3.045885 	 7.381398 	 10.427283 
230 	 3.084359 	 3.084359 	 7.342650 	 10.427009 
231 	 3.112552 	 3.112552 	 7.314480 	 10.427032 
232 	 3.130208 	 3.130208 	 7.297122 	 10.427330 
233 	 3.141005 	 3.141005 	 7.286765 	 10.427769 
234 	 3.150660 	 3.150660 	 7.277505 	 10.428165 
235 	 3.164351 	 3.164351 	 7.264021 	 10.428372 
236 	 3.184634 	 3.184634 	 7.243704 	 10.428338 
237 	 3.210637 	 3.210637 	 7.217463 	 10.428100 
238 	 3.238546 	 3.238546 	 7.189199 	 10.427745 
239 	 3.262867 	 3.262867 	 7.164503 	 10.427370 
240 	 3.277962 	 3.277962 	 7.149112 	 10.427074 
241 	 3.279571 	 3.279571 	 7.147376 	 10.426947 
242 	 3.266138 	 3.266138 	 7.160911 	 10.427050 
243 	 3.239679 	 3.239679 	 7.187711 	 10.427390 
244 	 3.205776 	 3.205776 	 7.222122 	 10.427898 
245 	 3.172477 	 3.172477 	 7.255959 	 10.428436 
246 	 3.148218 	 3.148218 	 7.280619 	 10.428836 
247 	 3.139373 	 3.139373 	 7.289589 	 10.428961 
248 	 3.148289 	 3.148289 	 7.280472 	 10.428762 
249 	 3.172592 	 3.172592 	 7.255705 	 10.428298 
250 	 3.206067 	 3.206067 	 7.221648 	 10.427715 
251 	 3.240758 	 3.240758 	 7.186427 	 10.427184 
252 	 3.269459 	 3.269459 	 7.157383 	 10.426842 
253 	 3.287705 	 3.287705 	 7.139045 	 10.426750 
254 	 3.294688 	 3.294688 	 7.132199 	 10.426888 
255 	 3.292941 	 3.292941 	 7.134223 	 10.427164 
256 	 3.286973 	 3.286973 	 7.140481 	 10.427454 
257 	 3.281449 	 3.281449 	 7.146208 	 10.427658 
258 	 3.279664 	 3.279664 	 7.148069 	 10.427734 
259 	 3.282883 	 3.282883 	 7.144825 	 10.427708 
260 	 3.290644 	 3.290644 	 7.137000 	 10.427645 
261 	 3.301627 	 3.301627 	 7.125975 	 10.427602 
262 	 3.314475 	 3.314475 	 7.113117 	 10.427592 
263 	 3.328044 	 3.328044 	 7.099533 	 10.427577 
264 	 3.340980 	 3.340980 	 7.086519 	 10.427499 
265 	 3.351097 	 3.351097 	 7.076242 	 10.427338 
266 	 3.355233 	 3.355233 	 7.071906 	 10.427140 
267 	 3.349943 	 3.349943 	 7.077049 	 10.426992 
268 	 3.332776 	 3.332776 	 7.094209 	 10.426985 
269 	 3.303530 	 3.303530 	 7.123630 	 10.427161 
270 	 3.264834 	 3.264834 	 7.162664 	 10.427497 
271 	 3.221790 	 3.221790 	 7.206132 	 10.427922 
272 	 3.180886 	 3.180886 	 7.247460 	 10.428346 
273 	 3.148584 	 3.148584 	 7.280102 	 10.428686 
274 	 3.130035 	 3.130035 	 7.298852 	 10.428886 
275 	 3.128137 	 3.128137 	 7.300782 	 10.428920 
276 	 3.143075 	 3.143075 	 7.285713 	 10.428788 
277 	 3.172344 	 3.172344 	 7.256177 	 10.428521 
278 	 3.211248 	 3.211248 	 7.216921 	 10.428169 
279 	 3.253712 	 3.253712 	 7.174071 	 10.427783 
280 	 3.293183 	 3.293183 	 7.134224 	 10.427407 
281 	 3.323437 	 3.323437 	 7.103641 	 10.427077 
282 	 3.339317 	 3.339317 	 7.087524 	 10.426842 
283 	 3.337571 	 3.337571 	 7.089197 	 10.426769 
284 	 3.317879 	 3.317879 	 7.109056 	 10.426935 
285 	 3.283778 	 3.283778 	 7.143582 	 10.427359 
286 	 3.242615 	 3.242615 	 7.185316 	 10.427932 
287 	 3.203661 	 3.203661 	 7.224758 	 10.428419 
288 	 3.174763 	 3.174763 	 7.253863 	 10.428625 
289 	 3.159604 	 3.159604 	 7.268948 	 10.428552 
290 	 3.157597 	 3.157597 	 7.270783 	 10.428379 
291 	 3.166222 	 3.166222 	 7.262082 	 10.428304 
292 	 3.183764 	 3.183764 	 7.244644 	 10.428408 
293 	 3.210637 	 3.210637 	 7.218006 	 10.428643 
294 	 3.248933 	 3.248933 	 7.179954 	 10.428887 
295 	 3.300831 	 3.300831 	 7.128178 	 10.429009 
296 	 3.366827 	 3.366827 	 7.062096 	 10.428923 
297 	 3.444540 	 3.444540 	 6.984076 	 10.428616 
298 	 3.528534 	 3.528534 	 6.899613 	 10.428147 
299 	 3.611153 	 3.611153 	 6.816465 	 10.427618 
300 	 3.684048 	 3.684048 	 6.743096 	 10.427145 
301 	 3.739847 	 3.739847 	 6.686967 	 10.426815 
302 	 3.773529 	 3.773529 	 6.653153 	 10.426681 
303 	 3.783239 	 3.783239 	 6.643516 	 10.426755 
304 	 3.770478 	 3.770478 	 6.656529 	 10.427007 
305 	 3.739686 	 3.739686 	 6.687694 	 10.427380 
306 	 3.697352 	 3.697352 	 6.730451 	 10.427803 
307 	 3.650909 	 3.650909 	 6.777305 	 10.428215 
308 	 3.607750 	 3.607750 	 6.820830 	 10.428579 
309 	 3.574529 	 3.574529 	 6.854347 	 10.428876 
310 	 3.556651 	 3.556651 	 6.872418 	 10.429069 
311 	 3.557608 	 3.557608 	 6.871489 	 10.429097 
312 	 3.578030 	 3.578030 	 6.850866 	 10.428896 
313 	 3.614826 	 3.614826 	 6.813624 	 10.428450 
314 	 3.661087 	 3.661087 	 6.766741 	 10.427828 
315 	 3.707188 	 3.707188 	 6.719978 	 10.427166 
316 	 3.742855 	 3.742855 	 6.683756 	 10.426610 
317 	 3.759447 	 3.759447 	 6.666826 	 10.426273 
318 	 3.751756 	 3.751756 	 6.674458 	 10.426214 
319 	 3.719044 	 3.719044 	 6.707408 	 10.426451 
320 	 3.665327 	 3.665327 	 6.761637 	 10.426964 
321 	 3.598980 	 3.598980 	 6.828707 	 10.427687 
322 	 3.531611 	 3.531611 	 6.896896 	 10.428507 
323 	 3.476196 	 3.476196 	 6.953068 	 10.429264 
324 	 3.444498 	 3.444498 	 6.985265 	 10.429762 
325 	 3.444112 	 3.444112 	 6.985715 	 10.429826 
326 	 3.475965 	 3.475965 	 6.953424 	 10.429389 
327 	 3.533455 	 3.533455 	 6.895098 	 10.428553 
328 	 3.603999 	 3.603999 	 6.823557 	 10.427556 
329 	 3.672480 	 3.672480 	 6.754175 	 10.426654 
330 	 3.725071 	 3.725071 	 6.700948 	 10.426019 
331 	 3.751918 	 3.751918 	 6.673782 	 10.425700 
332 	 3.748145 	 3.748145 	 6.677518 	 10.425663 
333 	 3.713575 	 3.713575 	 6.712272 	 10.425848 
334 	 3.651878 	 3.651878 	 6.774320 	 10.426199 
335 	 3.569675 	 3.569675 	 6.856994 	 10.426669 
336 	 3.475643 	 3.475643 	 6.951560 	 10.427203 
337 	 3.379482 	 3.379482 	 7.048251 	 10.427733 
338 	 3.290765 	 3.290765 	 7.137437 	 10.428203 
339 	 3.217966 	 3.217966 	 7.210619 	 10.428586 
340 	 3.167785 	 3.167785 	 7.261065 	 10.428850 
341 	 3.144426 	 3.144426 	 7.284490 	 10.428916 
342 	 3.148392 	 3.148392 	 7.280288 	 10.428681 
343 	 3.175241 	 3.175241 	 7.252887 	 10.428128 
344 	 3.215662 	 3.215662 	 7.211742 	 10.427404 
345 	 3.257675 	 3.257675 	 7.169065 	 10.426740 
346 	 3.290007 	 3.290007 	 7.136304 	 10.426311 
347 	 3.304770 	 3.304770 	 7.121398 	 10.426168 
348 	 3.298486 	 3.298486 	 7.127796 	 10.426282 
349 	 3.271942 	 3.271942 	 7.154684 	 10.426626 
350 	 3.229779 	 3.229779 	 7.197403 	 10.427182 
351 	 3.180040 	 3.180040 	 7.247859 	 10.427899 
352 	 3.133169 	 3.133169 	 7.295484 	 10.428652 
353 	 3.100042 	 3.100042 	 7.329224 	 10.429266 
354 	 3.089359 	 3.089359 	 7.340222 	 10.429582 
355 	 3.105337 	 3.105337 	 7.324194 	 10.429531 
356 	 3.146688 	 3.146688 	 7.282468 	 10.429156 
357 	 3.207184 	 3.207184 	 7.221385 	 10.428570 
358 	 3.277298 	 3.277298 	 7.150600 	 10.427897 
359 	 3.346131 	 3.346131 	 7.081112 	 10.427243 
360 	 3.403144 	 3.403144 	 7.023549 	 10.426693 
361 	 3.439610 	 3.439610 	 6.986717 	 10.426326 
362 	 3.449919 	 3.449919 	 6.976300 	 10.426219 
363 	 3.432716 	 3.432716 	 6.993706 	 10.426422 
364 	 3.391575 	 3.391575 	 7.035355 	 10.426930 
365 	 3.334758 	 3.334758 	 7.092892 	 10.427650 
366 	 3.273629 	 3.273629 	 7.154765 	 10.428394 
367 	 3.219815 	 3.219815 	 7.209123 	 10.428938 
368 	 3.181891 	 3.181891 	 7.247224 	 10.429115 
369 	 3.162973 	 3.162973 	 7.265929 	 10.428903 
370 	 3.160328 	 3.160328 	 7.268092 	 10.428420 
371 	 3.167031 	 3.167031 	 7.260824 	 10.427856 
372 	 3.174726 	 3.174726 	 7.252654 	 10.427381 
373 	 3.176269 	 3.176269 	 7.250839 	 10.427107 
374 	 3.167564 	 3.167564 	 7.259517 	 10.427081 
375 	 3.148373 	 3.148373 	 7.278910 	 10.427283 
376 	 3.122090 	 3.122090 	 7.305548 	 10.427638 
377 	 3.094609 	 3.094609 	 7.333430 	 10.428039 
378 	 3.072704 	 3.072704 	 7.355691 	 10.428394 
379 	 3.062625 	 3.062625 	 7.366051 	 10.428675 
380 	 3.069423 	 3.069423 	 7.359470 	 10.428893 
381 	 3.096822 	 3.096822 	 7.332215 	 10.429037 
382 	 3.146871 	 3.146871 	 7.282165 	 10.429036 
383 	 3.218898 	 3.218898 	 7.209885 	 10.428783 
384 	 3.308150 	 3.308150 	 7.120072 	 10.428222 
385 	 3.405247 	 3.405247 	 7.022179 	 10.427426 
386 	 3.497408 	 3.497408 	 6.929181 	 10.426588 
387 	 3.571322 	 3.571322 	 6.854609 	 10.425931 
388 	 3.616465 	 3.616465 	 6.809147 	 10.425611 
389 	 3.627559 	 3.627559 	 6.798132 	 10.425691 
390 	 3.605663 	 3.605663 	 6.820495 	 10.426159 
391 	 3.558062 	 3.558062 	 6.868890 	 10.426952 
392 	 3.497130 	 3.497130 	 6.930798 	 10.427928 
393 	 3.437912 	 3.437912 	 6.990924 	 10.428836 
394 	 3.394241 	 3.394241 	 7.035141 	 10.429383 
395 	 3.374556 	 3.374556 	 7.054863 	 10.429419 
396 	 3.379816 	 3.379816 	 7.049245 	 10.429061 
397 	 3.404933 	 3.404933 	 7.023643 	 10.428576 
398 	 3.442329 	 3.442329 	 6.985832 	 10.428162 
399 	 3.484829 	 3.484829 	 6.943020 	 10.427850 
400 	 3.526492 	 3.526492 	 6.901085 	 10.427577 
401 	 3.562108 	 3.562108 	 6.865192 	 10.427300 
402 	 3.586772 	 3.586772 	 6.840268 	 10.427040 
403 	 3.596282 	 3.596282 	 6.830590 	 10.426872 
404 	 3.588177 	 3.588177 	 6.838696 	 10.426873 
405 	 3.562801 	 3.562801 	 6.864284 	 10.427085 
406 	 3.523796 	 3.523796 	 6.903687 	 10.427483 
407 	 3.477604 	 3.477604 	 6.950367 	 10.427970 
408 	 3.431908 	 3.431908 	 6.996491 	 10.428399 
409 	 3.393474 	 3.393474 	 7.035171 	 10.428645 
410 	 3.366362 	 3.366362 	 7.062318 	 10.428680 
411 	 3.351492 	 3.351492 	 7.077094 	 10.428586 
412 	 3.347770 	 3.347770 	 7.080732 	 10.428502 
413 	 3.353989 	 3.353989 	 7.074545 	 10.428534 
414 	 3.370326 	 3.370326 	 7.058368 	 10.428694 
415 	 3.398576 	 3.398576 	 7.030325 	 10.428901 
416 	 3.441043 	 3.441043 	 6.987980 	 10.429022 
417 	 3.498766 	 3.498766 	 6.930190 	 10.428956 
418 	 3.570107 	 3.570107 	 6.858577 	 10.428684 
419 	 3.650479 	 3.650479 	 6.777800 	 10.428278 
420 	 3.733303 	 3.733303 	 6.694547 	 10.427850 
421 	 3.811560 	 3.811560 	 6.615929 	 10.427488 
422 	 3.879079 	 3.879079 	 6.548147 	 10.427226 
423 	 3.931095 	 3.931095 	 6.495950 	 10.427044 
424 	 3.964112 	 3.964112 	 6.462794 	 10.426906 
425 	 3.975458 	 3.975458 	 6.451326 	 10.426784 
426 	 3.962920 	 3.962920 	 6.463750 	 10.426669 
427 	 3.924684 	 3.924684 	 6.501896 	 10.426579 
428 	 3.859597 	 3.859597 	 6.566947 	 10.426544 
429 	 3.767628 	 3.767628 	 6.658968 	 10.426596 
430 	 3.650347 	 3.650347 	 6.776409 	 10.426756 
431 	 3.511266 	 3.511266 	 6.915766 	 10.427032 
432 	 3.355928 	 3.355928 	 7.071487 	 10.427416 
433 	 3.191763 	 3.191763 	 7.236128 	 10.427891 
434 	 3.027735 	 3.027735 	 7.400696 	 10.428432 
435 	 2.873812 	 2.873812 	 7.555185 	 10.428997 
436 	 2.740152 	 2.740152 	 7.689364 	 10.429515 
437 	 2.635881 	 2.635881 	 7.794007 	 10.429889 
438 	 2.567595 	 2.567595 	 7.862437 	 10.430032 
439 	 2.538170 	 2.538170 	 7.891770 	 10.429940 
440 	 2.546687 	 2.546687 	 7.883009 	 10.429696 
441 	 2.589561 	 2.589561 	 7.839843 	 10.429404 
442 	 2.661935 	 2.661935 	 7.767163 	 10.429098 
443 	 2.758314 	 2.758314 	 7.670434 	 10.428748 
444 	 2.872402 	 2.872402 	 7.555928 	 10.428330 
445 	 2.996999 	 2.996999 	 7.430886 	 10.427885 
446 	 3.124650 	 3.124650 	 7.302852 	 10.427502 
447 	 3.248899 	 3.248899 	 7.178358 	 10.427256 
448 	 3.365287 	 3.365287 	 7.061859 	 10.427146 
449 	 3.471274 	 3.471274 	 6.955800 	 10.427073 
450 	 3.564887 	 3.564887 	 6.862019 	 10.426906 
451 	 3.642990 	 3.642990 	 6.783601 	 10.426590 
452 	 3.700666 	 3.700666 	 6.725553 	 10.426220 
453 	 3.732507 	 3.732507 	 6.693465 	 10.425972 
454 	 3.735034 	 3.735034 	 6.690946 	 10.425980 
455 	 3.708536 	 3.708536 	 6.717709 	 10.426245 
456 	 3.657189 	 3.657189 	 6.769468 	 10.426658 
457 	 3.587645 	 3.587645 	 6.839444 	 10.427090 
458 	 3.507271 	 3.507271 	 6.920207 	 10.427479 
459 	 3.423171 	 3.423171 	 7.004674 	 10.427846 
460 	 3.342246 	 3.342246 	 7.085990 	 10.428236 
461 	 3.271533 	 3.271533 	 7.157101 	 10.428634 
462 	 3.217805 	 3.217805 	 7.211133 	 10.428938 
463 	 3.186056 	 3.186056 	 7.242953 	 10.429009 
464 	 3.177639 	 3.177639 	 7.251135 	 10.428774 
465 	 3.189332 	 3.189332 	 7.238950 	 10.428282 
466 	 3.214071 	 3.214071 	 7.213602 	 10.427673 
467 	 3.243026 	 3.243026 	 7.184084 	 10.427111 
468 	 3.268107 	 3.268107 	 7.158630 	 10.426737 
469 	 3.284138 	 3.284138 	 7.142510 	 10.426647 
470 	 3.290321 	 3.290321 	 7.136557 	 10.426878 
471 	 3.290662 	 3.290662 	 7.136712 	 10.427374 
472 	 3.293017 	 3.293017 	 7.134967 	 10.427984 
473 	 3.306709 	 3.306709 	 7.121779 	 10.428488 
474 	 3.339292 	 3.339292 	 7.089396 	 10.428688 
475 	 3.393666 	 3.393666 	 7.034832 	 10.428499 
476 	 3.466881 	 3.466881 	 6.961117 	 10.427999 
477 	 3.551207 	 3.551207 	 6.876168 	 10.427375 
478 	 3.636771 	 3.636771 	 6.790038 	 10.426808 
479 	 3.714246 	 3.714246 	 6.712151 	 10.426397 
480 	 3.776530 	 3.776530 	 6.649632 	 10.426161 
481 	 3.819313 	 3.819313 	 6.606771 	 10.426085 
482 	 3.841002 	 3.841002 	 6.585138 	 10.426140 
483 	 3.842366 	 3.842366 	 6.583932 	 10.426297 
484 	 3.826076 	 3.826076 	 6.600447 	 10.426523 
485 	 3.796124 	 3.796124 	 6.630654 	 10.426777 
486 	 3.757125 	 3.757125 	 6.669891 	 10.427015 
487 	 3.713546 	 3.713546 	 6.713654 	 10.427200 
488 	 3.669108 	 3.669108 	 6.758228 	 10.427336 
489 	 3.626748 	 3.626748 	 6.800727 	 10.427475 
490 	 3.589164 	 3.589164 	 6.838491 	 10.427655 
491 	 3.559162 	 3.559162 	 6.868668 	 10.427830 
492 	 3.539025 	 3.539025 	 6.888875 	 10.427899 
493 	 3.529248 	 3.529248 	 6.898560 	 10.427808 
494 	 3.527898 	 3.527898 	 6.899707 	 10.427605 
495 	 3.531331 	 3.531331 	 6.896075 	 10.427406 
496 	 3.535827 	 3.535827 	 6.891491 	 10.427318 
497 	 3.539153 	 3.539153 	 6.888231 	 10.427384 
498 	 3.541266 	 3.541266 	 6.886310 	 10.427576 
499 	 3.543964 	 3.543964 	 6.883846 	 10.427810 
