0 	 2.607981 	 2.607981 	 7.820184 	 10.428165 
1 	 2.593297 	 2.593297 	 7.834926 	 10.428224 
2 	 2.580085 	 2.580085 	 7.848197 	 10.428281 
3 	 2.569225 	 2.569225 	 7.859111 	 10.428335 
4 	 2.561536 	 2.561536 	 7.866846 	 10.428382 
5 	 2.557728 	 2.557728 	 7.870691 	 10.428419 
6 	 2.558360 	 2.558360 	 7.870085 	 10.428445 
7 	 2.563804 	 2.563804 	 7.864653 	 10.428457 
8 	 2.574230 	 2.574230 	 7.854225 	 10.428456 
9 	 2.589594 	 2.589594 	 7.838847 	 10.428441 
10 	 2.609644 	 2.609644 	 7.818771 	 10.428415 
11 	 2.633943 	 2.633943 	 7.794436 	 10.428379 
12 	 2.661898 	 2.661898 	 7.766438 	 10.428335 
13 	 2.692798 	 2.692798 	 7.735490 	 10.428287 
14 	 2.725856 	 2.725856 	 7.702381 	 10.428237 
15 	 2.760255 	 2.760255 	 7.667933 	 10.428188 
16 	 2.795180 	 2.795180 	 7.632961 	 10.428142 
17 	 2.829863 	 2.829863 	 7.598237 	 10.428100 
18 	 2.863602 	 2.863602 	 7.564462 	 10.428064 
19 	 2.895790 	 2.895790 	 7.532245 	 10.428034 
20 	 2.925921 	 2.925921 	 7.502091 	 10.428012 
21 	 2.953602 	 2.953602 	 7.474394 	 10.427996 
22 	 2.978547 	 2.978547 	 7.449439 	 10.427986 
23 	 3.000573 	 3.000573 	 7.427409 	 10.427982 
24 	 3.019582 	 3.019582 	 7.408399 	 10.427982 
25 	 3.035551 	 3.035551 	 7.392433 	 10.427984 
26 	 3.048503 	 3.048503 	 7.379485 	 10.427988 
27 	 3.058496 	 3.058496 	 7.369496 	 10.427993 
28 	 3.065597 	 3.065597 	 7.362400 	 10.427996 
29 	 3.069864 	 3.069864 	 7.358133 	 10.427998 
30 	 3.071340 	 3.071340 	 7.356657 	 10.427997 
31 	 3.070032 	 3.070032 	 7.357961 	 10.427993 
32 	 3.065919 	 3.065919 	 7.362069 	 10.427987 
33 	 3.058946 	 3.058946 	 7.369034 	 10.427980 
34 	 3.049039 	 3.049039 	 7.378932 	 10.427971 
35 	 3.036128 	 3.036128 	 7.391836 	 10.427965 
36 	 3.020172 	 3.020172 	 7.407790 	 10.427962 
37 	 3.001197 	 3.001197 	 7.426769 	 10.427966 
38 	 2.979342 	 2.979342 	 7.448638 	 10.427980 
39 	 2.954897 	 2.954897 	 7.473109 	 10.428006 
40 	 2.928344 	 2.928344 	 7.499703 	 10.428046 
41 	 2.900374 	 2.900374 	 7.527727 	 10.428101 
42 	 2.871891 	 2.871891 	 7.556278 	 10.428169 
43 	 2.843990 	 2.843990 	 7.584256 	 10.428246 
44 	 2.817905 	 2.817905 	 7.610424 	 10.428329 
45 	 2.794936 	 2.794936 	 7.633475 	 10.428411 
46 	 2.776360 	 2.776360 	 7.652125 	 10.428485 
47 	 2.763333 	 2.763333 	 7.665214 	 10.428547 
48 	 2.756796 	 2.756796 	 7.671794 	 10.428590 
49 	 2.757401 	 2.757401 	 7.671210 	 10.428611 
50 	 2.765461 	 2.765461 	 7.663148 	 10.428609 
51 	 2.780934 	 2.780934 	 7.647652 	 10.428586 
52 	 2.803439 	 2.803439 	 7.625105 	 10.428544 
53 	 2.832295 	 2.832295 	 7.596193 	 10.428488 
54 	 2.866587 	 2.866587 	 7.561834 	 10.428421 
55 	 2.905240 	 2.905240 	 7.523110 	 10.428350 
56 	 2.947088 	 2.947088 	 7.481190 	 10.428279 
57 	 2.990950 	 2.990950 	 7.437260 	 10.428210 
58 	 3.035679 	 3.035679 	 7.392468 	 10.428147 
59 	 3.080217 	 3.080217 	 7.347876 	 10.428093 
60 	 3.123617 	 3.123617 	 7.304429 	 10.428046 
61 	 3.165068 	 3.165068 	 7.262941 	 10.428009 
62 	 3.203901 	 3.203901 	 7.224080 	 10.427981 
63 	 3.239585 	 3.239585 	 7.188376 	 10.427960 
64 	 3.271719 	 3.271719 	 7.156227 	 10.427947 
65 	 3.300021 	 3.300021 	 7.127918 	 10.427939 
66 	 3.324301 	 3.324301 	 7.103634 	 10.427935 
67 	 3.344453 	 3.344453 	 7.083482 	 10.427935 
68 	 3.360428 	 3.360428 	 7.067508 	 10.427937 
69 	 3.372226 	 3.372226 	 7.055714 	 10.427940 
70 	 3.379876 	 3.379876 	 7.048068 	 10.427944 
71 	 3.383439 	 3.383439 	 7.044510 	 10.427949 
72 	 3.383000 	 3.383000 	 7.044955 	 10.427955 
73 	 3.378678 	 3.378678 	 7.049285 	 10.427964 
74 	 3.370633 	 3.370633 	 7.057342 	 10.427975 
75 	 3.359078 	 3.359078 	 7.068913 	 10.427990 
76 	 3.344291 	 3.344291 	 7.083719 	 10.428011 
77 	 3.326626 	 3.326626 	 7.101409 	 10.428036 
78 	 3.306515 	 3.306515 	 7.121550 	 10.428065 
79 	 3.284462 	 3.284462 	 7.143637 	 10.428099 
80 	 3.261027 	 3.261027 	 7.167107 	 10.428134 
81 	 3.236800 	 3.236800 	 7.191369 	 10.428169 
82 	 3.212362 	 3.212362 	 7.215840 	 10.428201 
83 	 3.188239 	 3.188239 	 7.239988 	 10.428226 
84 	 3.164865 	 3.164865 	 7.263378 	 10.428243 
85 	 3.142542 	 3.142542 	 7.285707 	 10.428249 
86 	 3.121424 	 3.121424 	 7.306822 	 10.428246 
87 	 3.101511 	 3.101511 	 7.326722 	 10.428233 
88 	 3.082677 	 3.082677 	 7.345538 	 10.428214 
89 	 3.064706 	 3.064706 	 7.363488 	 10.428194 
90 	 3.047350 	 3.047350 	 7.380824 	 10.428174 
91 	 3.030387 	 3.030387 	 7.397774 	 10.428161 
92 	 3.013675 	 3.013675 	 7.414481 	 10.428155 
93 	 2.997197 	 2.997197 	 7.430964 	 10.428160 
94 	 2.981084 	 2.981084 	 7.447092 	 10.428176 
95 	 2.965620 	 2.965620 	 7.462581 	 10.428201 
96 	 2.951221 	 2.951221 	 7.477012 	 10.428232 
97 	 2.938404 	 2.938404 	 7.489864 	 10.428268 
98 	 2.927740 	 2.927740 	 7.500565 	 10.428305 
99 	 2.919798 	 2.919798 	 7.508540 	 10.428338 
100 	 2.915084 	 2.915084 	 7.513281 	 10.428364 
101 	 2.913990 	 2.913990 	 7.514390 	 10.428380 
102 	 2.916740 	 2.916740 	 7.511643 	 10.428383 
103 	 2.923350 	 2.923350 	 7.505020 	 10.428371 
104 	 2.933610 	 2.933610 	 7.494734 	 10.428343 
105 	 2.947072 	 2.947072 	 7.481230 	 10.428302 
106 	 2.963080 	 2.963080 	 7.465170 	 10.428250 
107 	 2.980802 	 2.980802 	 7.447388 	 10.428190 
108 	 2.999294 	 2.999294 	 7.428833 	 10.428127 
109 	 3.017568 	 3.017568 	 7.410498 	 10.428066 
110 	 3.034669 	 3.034669 	 7.393342 	 10.428012 
111 	 3.049744 	 3.049744 	 7.378223 	 10.427968 
112 	 3.062105 	 3.062105 	 7.365832 	 10.427937 
113 	 3.071272 	 3.071272 	 7.356650 	 10.427921 
114 	 3.077000 	 3.077000 	 7.350921 	 10.427921 
115 	 3.079284 	 3.079284 	 7.348650 	 10.427934 
116 	 3.078337 	 3.078337 	 7.349622 	 10.427959 
117 	 3.074557 	 3.074557 	 7.353434 	 10.427992 
118 	 3.068475 	 3.068475 	 7.359554 	 10.428029 
119 	 3.060691 	 3.060691 	 7.367375 	 10.428065 
120 	 3.051821 	 3.051821 	 7.376277 	 10.428099 
121 	 3.042446 	 3.042446 	 7.385681 	 10.428127 
122 	 3.033076 	 3.033076 	 7.395072 	 10.428149 
123 	 3.024143 	 3.024143 	 7.404023 	 10.428166 
124 	 3.016004 	 3.016004 	 7.412175 	 10.428179 
125 	 3.008974 	 3.008974 	 7.419218 	 10.428192 
126 	 3.003355 	 3.003355 	 7.424853 	 10.428208 
127 	 2.999470 	 2.999470 	 7.428756 	 10.428226 
128 	 2.997683 	 2.997683 	 7.430566 	 10.428249 
129 	 2.998392 	 2.998392 	 7.429881 	 10.428273 
130 	 3.002007 	 3.002007 	 7.426289 	 10.428296 
131 	 3.008890 	 3.008890 	 7.419423 	 10.428312 
132 	 3.019289 	 3.019289 	 7.409028 	 10.428317 
133 	 3.033267 	 3.033267 	 7.395040 	 10.428307 
134 	 3.050640 	 3.050640 	 7.377639 	 10.428279 
135 	 3.070943 	 3.070943 	 7.357290 	 10.428233 
136 	 3.093430 	 3.093430 	 7.334741 	 10.428171 
137 	 3.117115 	 3.117115 	 7.310983 	 10.428098 
138 	 3.140839 	 3.140839 	 7.287182 	 10.428021 
139 	 3.163359 	 3.163359 	 7.264586 	 10.427945 
140 	 3.183449 	 3.183449 	 7.244427 	 10.427875 
141 	 3.199988 	 3.199988 	 7.227830 	 10.427818 
142 	 3.212033 	 3.212033 	 7.215742 	 10.427776 
143 	 3.218875 	 3.218875 	 7.208874 	 10.427749 
144 	 3.220060 	 3.220060 	 7.207680 	 10.427740 
145 	 3.215402 	 3.215402 	 7.212344 	 10.427746 
146 	 3.204974 	 3.204974 	 7.222792 	 10.427766 
147 	 3.189098 	 3.189098 	 7.238703 	 10.427801 
148 	 3.168325 	 3.168325 	 7.259523 	 10.427848 
149 	 3.143431 	 3.143431 	 7.284478 	 10.427908 
150 	 3.115394 	 3.115394 	 7.312586 	 10.427980 
151 	 3.085384 	 3.085384 	 7.342678 	 10.428062 
152 	 3.054719 	 3.054719 	 7.373430 	 10.428149 
153 	 3.024813 	 3.024813 	 7.403425 	 10.428238 
154 	 2.997082 	 2.997082 	 7.431239 	 10.428321 
155 	 2.972840 	 2.972840 	 7.455550 	 10.428390 
156 	 2.953178 	 2.953178 	 7.475260 	 10.428438 
157 	 2.938871 	 2.938871 	 7.489592 	 10.428462 
158 	 2.930312 	 2.930312 	 7.498150 	 10.428462 
159 	 2.927507 	 2.927507 	 7.500933 	 10.428441 
160 	 2.930126 	 2.930126 	 7.498278 	 10.428404 
161 	 2.937583 	 2.937583 	 7.490776 	 10.428359 
162 	 2.949148 	 2.949148 	 7.479165 	 10.428313 
163 	 2.964034 	 2.964034 	 7.464236 	 10.428269 
164 	 2.981474 	 2.981474 	 7.446757 	 10.428231 
165 	 3.000758 	 3.000758 	 7.427440 	 10.428198 
166 	 3.021246 	 3.021246 	 7.406924 	 10.428170 
167 	 3.042363 	 3.042363 	 7.385782 	 10.428145 
168 	 3.063580 	 3.063580 	 7.364543 	 10.428122 
169 	 3.084404 	 3.084404 	 7.343696 	 10.428100 
170 	 3.104366 	 3.104366 	 7.323713 	 10.428079 
171 	 3.123017 	 3.123017 	 7.305041 	 10.428058 
172 	 3.139931 	 3.139931 	 7.288107 	 10.428037 
173 	 3.154715 	 3.154715 	 7.273304 	 10.428019 
174 	 3.167026 	 3.167026 	 7.260977 	 10.428003 
175 	 3.176592 	 3.176592 	 7.251400 	 10.427992 
176 	 3.183233 	 3.183233 	 7.244754 	 10.427988 
177 	 3.186895 	 3.186895 	 7.241096 	 10.427991 
178 	 3.187659 	 3.187659 	 7.240344 	 10.428003 
179 	 3.185760 	 3.185760 	 7.242264 	 10.428024 
180 	 3.181573 	 3.181573 	 7.246480 	 10.428053 
181 	 3.175594 	 3.175594 	 7.252492 	 10.428086 
182 	 3.168406 	 3.168406 	 7.259717 	 10.428123 
183 	 3.160633 	 3.160633 	 7.267527 	 10.428160 
184 	 3.152902 	 3.152902 	 7.275292 	 10.428194 
185 	 3.145810 	 3.145810 	 7.282416 	 10.428226 
186 	 3.139898 	 3.139898 	 7.288356 	 10.428254 
187 	 3.135643 	 3.135643 	 7.292635 	 10.428278 
188 	 3.133450 	 3.133450 	 7.294848 	 10.428299 
189 	 3.133651 	 3.133651 	 7.294664 	 10.428315 
190 	 3.136498 	 3.136498 	 7.291828 	 10.428326 
191 	 3.142163 	 3.142163 	 7.286170 	 10.428333 
192 	 3.150729 	 3.150729 	 7.277606 	 10.428335 
193 	 3.162190 	 3.162190 	 7.266141 	 10.428331 
194 	 3.176460 	 3.176460 	 7.251863 	 10.428323 
195 	 3.193380 	 3.193380 	 7.234933 	 10.428313 
196 	 3.212738 	 3.212738 	 7.215562 	 10.428300 
197 	 3.234291 	 3.234291 	 7.193996 	 10.428287 
198 	 3.257781 	 3.257781 	 7.170494 	 10.428274 
199 	 3.282954 	 3.282954 	 7.145309 	 10.428263 
200 	 3.309570 	 3.309570 	 7.118683 	 10.428253 
201 	 3.337404 	 3.337404 	 7.090839 	 10.428243 
202 	 3.366243 	 3.366243 	 7.061991 	 10.428234 
203 	 3.395873 	 3.395873 	 7.032351 	 10.428224 
204 	 3.426066 	 3.426066 	 7.002145 	 10.428211 
205 	 3.456557 	 3.456557 	 6.971638 	 10.428195 
206 	 3.487023 	 3.487023 	 6.941151 	 10.428174 
207 	 3.517064 	 3.517064 	 6.911082 	 10.428146 
208 	 3.546188 	 3.546188 	 6.881922 	 10.428111 
209 	 3.573797 	 3.573797 	 6.854271 	 10.428068 
210 	 3.599185 	 3.599185 	 6.828833 	 10.428018 
211 	 3.621545 	 3.621545 	 6.806416 	 10.427961 
212 	 3.639981 	 3.639981 	 6.787918 	 10.427899 
213 	 3.653537 	 3.653537 	 6.774297 	 10.427834 
214 	 3.661230 	 3.661230 	 6.766539 	 10.427769 
215 	 3.662094 	 3.662094 	 6.765614 	 10.427707 
216 	 3.655236 	 3.655236 	 6.772416 	 10.427652 
217 	 3.639898 	 3.639898 	 6.787710 	 10.427608 
218 	 3.615518 	 3.615518 	 6.812063 	 10.427580 
219 	 3.581799 	 3.581799 	 6.845774 	 10.427572 
220 	 3.538771 	 3.538771 	 6.888817 	 10.427588 
221 	 3.486842 	 3.486842 	 6.940787 	 10.427629 
222 	 3.426829 	 3.426829 	 7.000867 	 10.427696 
223 	 3.359964 	 3.359964 	 7.067825 	 10.427789 
224 	 3.287864 	 3.287864 	 7.140039 	 10.427903 
225 	 3.212468 	 3.212468 	 7.215563 	 10.428031 
226 	 3.135935 	 3.135935 	 7.292231 	 10.428166 
227 	 3.060511 	 3.060511 	 7.367786 	 10.428297 
228 	 2.988392 	 2.988392 	 7.440025 	 10.428417 
229 	 2.921584 	 2.921584 	 7.506934 	 10.428518 
230 	 2.861805 	 2.861805 	 7.566792 	 10.428597 
231 	 2.810423 	 2.810423 	 7.618231 	 10.428654 
232 	 2.768443 	 2.768443 	 7.660248 	 10.428691 
233 	 2.736533 	 2.736533 	 7.692178 	 10.428711 
234 	 2.715065 	 2.715065 	 7.713652 	 10.428717 
235 	 2.704160 	 2.704160 	 7.724551 	 10.428711 
236 	 2.703708 	 2.703708 	 7.724985 	 10.428693 
237 	 2.713380 	 2.713380 	 7.715283 	 10.428662 
238 	 2.732614 	 2.732614 	 7.696004 	 10.428618 
239 	 2.760616 	 2.760616 	 7.667944 	 10.428561 
240 	 2.796362 	 2.796362 	 7.632129 	 10.428491 
241 	 2.838621 	 2.838621 	 7.589791 	 10.428412 
242 	 2.885998 	 2.885998 	 7.542328 	 10.428326 
243 	 2.936984 	 2.936984 	 7.491252 	 10.428236 
244 	 2.990014 	 2.990014 	 7.438133 	 10.428147 
245 	 3.043509 	 3.043509 	 7.384551 	 10.428059 
246 	 3.095930 	 3.095930 	 7.332046 	 10.427976 
247 	 3.145811 	 3.145811 	 7.282088 	 10.427899 
248 	 3.191791 	 3.191791 	 7.236039 	 10.427831 
249 	 3.232651 	 3.232651 	 7.195120 	 10.427772 
250 	 3.267345 	 3.267345 	 7.160380 	 10.427724 
251 	 3.295031 	 3.295031 	 7.132661 	 10.427691 
252 	 3.315102 	 3.315102 	 7.112571 	 10.427673 
253 	 3.327210 	 3.327210 	 7.100461 	 10.427671 
254 	 3.331281 	 3.331281 	 7.096405 	 10.427686 
255 	 3.327515 	 3.327515 	 7.100203 	 10.427717 
256 	 3.316377 	 3.316377 	 7.111386 	 10.427763 
257 	 3.298570 	 3.298570 	 7.129249 	 10.427820 
258 	 3.275000 	 3.275000 	 7.152886 	 10.427886 
259 	 3.246717 	 3.246717 	 7.181240 	 10.427957 
260 	 3.214865 	 3.214865 	 7.213165 	 10.428030 
261 	 3.180617 	 3.180617 	 7.247482 	 10.428100 
262 	 3.145118 	 3.145118 	 7.283046 	 10.428164 
263 	 3.109431 	 3.109431 	 7.318790 	 10.428221 
264 	 3.074497 	 3.074497 	 7.353770 	 10.428267 
265 	 3.041112 	 3.041112 	 7.387192 	 10.428304 
266 	 3.009913 	 3.009913 	 7.418418 	 10.428331 
267 	 2.981379 	 2.981379 	 7.446970 	 10.428348 
268 	 2.955836 	 2.955836 	 7.472521 	 10.428357 
269 	 2.933474 	 2.933474 	 7.494884 	 10.428358 
270 	 2.914354 	 2.914354 	 7.513998 	 10.428352 
271 	 2.898417 	 2.898417 	 7.529921 	 10.428338 
272 	 2.885498 	 2.885498 	 7.542821 	 10.428319 
273 	 2.875332 	 2.875332 	 7.552962 	 10.428294 
274 	 2.867569 	 2.867569 	 7.560697 	 10.428265 
275 	 2.861799 	 2.861799 	 7.566435 	 10.428235 
276 	 2.857586 	 2.857586 	 7.570619 	 10.428205 
277 	 2.854502 	 2.854502 	 7.573676 	 10.428178 
278 	 2.852176 	 2.852176 	 7.575983 	 10.428158 
279 	 2.850331 	 2.850331 	 7.577816 	 10.428147 
280 	 2.848819 	 2.848819 	 7.579327 	 10.428146 
281 	 2.847630 	 2.847630 	 7.580524 	 10.428154 
282 	 2.846893 	 2.846893 	 7.581277 	 10.428170 
283 	 2.846848 	 2.846848 	 7.581342 	 10.428190 
284 	 2.847800 	 2.847800 	 7.580411 	 10.428211 
285 	 2.850060 	 2.850060 	 7.578169 	 10.428229 
286 	 2.853889 	 2.853889 	 7.574350 	 10.428239 
287 	 2.859442 	 2.859442 	 7.568798 	 10.428240 
288 	 2.866732 	 2.866732 	 7.561498 	 10.428230 
289 	 2.875621 	 2.875621 	 7.552589 	 10.428211 
290 	 2.885840 	 2.885840 	 7.542346 	 10.428185 
291 	 2.897027 	 2.897027 	 7.531131 	 10.428158 
292 	 2.908796 	 2.908796 	 7.519337 	 10.428133 
293 	 2.920805 	 2.920805 	 7.507311 	 10.428116 
294 	 2.932815 	 2.932815 	 7.495294 	 10.428108 
295 	 2.944736 	 2.944736 	 7.483376 	 10.428112 
296 	 2.956644 	 2.956644 	 7.471483 	 10.428126 
297 	 2.968752 	 2.968752 	 7.459395 	 10.428147 
298 	 2.981368 	 2.981368 	 7.446800 	 10.428169 
299 	 2.994817 	 2.994817 	 7.433370 	 10.428186 
300 	 3.009351 	 3.009351 	 7.418844 	 10.428194 
301 	 3.025073 	 3.025073 	 7.403115 	 10.428188 
302 	 3.041876 	 3.041876 	 7.386290 	 10.428166 
303 	 3.059414 	 3.059414 	 7.368714 	 10.428128 
304 	 3.077117 	 3.077117 	 7.350962 	 10.428079 
305 	 3.094237 	 3.094237 	 7.333786 	 10.428023 
306 	 3.109934 	 3.109934 	 7.318034 	 10.427968 
307 	 3.123370 	 3.123370 	 7.304549 	 10.427919 
308 	 3.133816 	 3.133816 	 7.294068 	 10.427884 
309 	 3.140740 	 3.140740 	 7.287126 	 10.427866 
310 	 3.143885 	 3.143885 	 7.283985 	 10.427869 
311 	 3.143305 	 3.143305 	 7.284589 	 10.427894 
312 	 3.139381 	 3.139381 	 7.288558 	 10.427938 
313 	 3.132798 	 3.132798 	 7.295202 	 10.428000 
314 	 3.124495 	 3.124495 	 7.303578 	 10.428073 
315 	 3.115589 	 3.115589 	 7.312564 	 10.428152 
316 	 3.107290 	 3.107290 	 7.320942 	 10.428232 
317 	 3.100803 	 3.100803 	 7.327502 	 10.428305 
318 	 3.097236 	 3.097236 	 7.331131 	 10.428367 
319 	 3.097524 	 3.097524 	 7.330889 	 10.428414 
320 	 3.102369 	 3.102369 	 7.326075 	 10.428444 
321 	 3.112199 	 3.112199 	 7.316257 	 10.428456 
322 	 3.127163 	 3.127163 	 7.301288 	 10.428451 
323 	 3.147138 	 3.147138 	 7.281293 	 10.428431 
324 	 3.171750 	 3.171750 	 7.256647 	 10.428398 
325 	 3.200417 	 3.200417 	 7.227937 	 10.428354 
326 	 3.232384 	 3.232384 	 7.195919 	 10.428303 
327 	 3.266769 	 3.266769 	 7.161477 	 10.428246 
328 	 3.302606 	 3.302606 	 7.125581 	 10.428187 
329 	 3.338879 	 3.338879 	 7.089248 	 10.428127 
330 	 3.374563 	 3.374563 	 7.053505 	 10.428068 
331 	 3.408653 	 3.408653 	 7.019359 	 10.428012 
332 	 3.440198 	 3.440198 	 6.987762 	 10.427960 
333 	 3.468323 	 3.468323 	 6.959590 	 10.427913 
334 	 3.492251 	 3.492251 	 6.935622 	 10.427873 
335 	 3.511316 	 3.511316 	 6.916523 	 10.427839 
336 	 3.524970 	 3.524970 	 6.902841 	 10.427811 
337 	 3.532785 	 3.532785 	 6.895004 	 10.427789 
338 	 3.534452 	 3.534452 	 6.893320 	 10.427772 
339 	 3.529775 	 3.529775 	 6.897986 	 10.427761 
340 	 3.518675 	 3.518675 	 6.909080 	 10.427755 
341 	 3.501192 	 3.501192 	 6.926564 	 10.427756 
342 	 3.477507 	 3.477507 	 6.950259 	 10.427766 
343 	 3.447970 	 3.447970 	 6.979818 	 10.427788 
344 	 3.413145 	 3.413145 	 7.014680 	 10.427825 
345 	 3.373858 	 3.373858 	 7.054024 	 10.427882 
346 	 3.331242 	 3.331242 	 7.096718 	 10.427961 
347 	 3.286765 	 3.286765 	 7.141297 	 10.428061 
348 	 3.242215 	 3.242215 	 7.185965 	 10.428181 
349 	 3.199635 	 3.199635 	 7.228675 	 10.428310 
350 	 3.161171 	 3.161171 	 7.267265 	 10.428435 
351 	 3.128867 	 3.128867 	 7.299673 	 10.428540 
352 	 3.104405 	 3.104405 	 7.324201 	 10.428606 
353 	 3.088857 	 3.088857 	 7.339766 	 10.428622 
354 	 3.082490 	 3.082490 	 7.346092 	 10.428583 
355 	 3.084706 	 3.084706 	 7.343787 	 10.428492 
356 	 3.094104 	 3.094104 	 7.334260 	 10.428364 
357 	 3.108683 	 3.108683 	 7.319534 	 10.428217 
358 	 3.126104 	 3.126104 	 7.301965 	 10.428069 
359 	 3.143971 	 3.143971 	 7.283963 	 10.427934 
360 	 3.160059 	 3.160059 	 7.267764 	 10.427823 
361 	 3.172467 	 3.172467 	 7.255271 	 10.427738 
362 	 3.179688 	 3.179688 	 7.247990 	 10.427678 
363 	 3.180618 	 3.180618 	 7.247023 	 10.427641 
364 	 3.174524 	 3.174524 	 7.253099 	 10.427623 
365 	 3.161001 	 3.161001 	 7.266620 	 10.427621 
366 	 3.139931 	 3.139931 	 7.287702 	 10.427633 
367 	 3.111465 	 3.111465 	 7.316195 	 10.427659 
368 	 3.076016 	 3.076016 	 7.351684 	 10.427700 
369 	 3.034272 	 3.034272 	 7.393485 	 10.427758 
370 	 2.987210 	 2.987210 	 7.440623 	 10.427833 
371 	 2.936100 	 2.936100 	 7.491825 	 10.427925 
372 	 2.882497 	 2.882497 	 7.545535 	 10.428033 
373 	 2.828198 	 2.828198 	 7.599953 	 10.428151 
374 	 2.775171 	 2.775171 	 7.653103 	 10.428274 
375 	 2.725445 	 2.725445 	 7.702948 	 10.428393 
376 	 2.680982 	 2.680982 	 7.747516 	 10.428498 
377 	 2.643537 	 2.643537 	 7.785045 	 10.428583 
378 	 2.614524 	 2.614524 	 7.814114 	 10.428639 
379 	 2.594913 	 2.594913 	 7.833750 	 10.428662 
380 	 2.585168 	 2.585168 	 7.843486 	 10.428654 
381 	 2.585236 	 2.585236 	 7.843378 	 10.428615 
382 	 2.594584 	 2.594584 	 7.833967 	 10.428550 
383 	 2.612263 	 2.612263 	 7.816204 	 10.428467 
384 	 2.637010 	 2.637010 	 7.791361 	 10.428371 
385 	 2.667350 	 2.667350 	 7.760919 	 10.428270 
386 	 2.701699 	 2.701699 	 7.726470 	 10.428169 
387 	 2.738460 	 2.738460 	 7.689613 	 10.428074 
388 	 2.776106 	 2.776106 	 7.651882 	 10.427988 
389 	 2.813245 	 2.813245 	 7.614670 	 10.427915 
390 	 2.848671 	 2.848671 	 7.579185 	 10.427856 
391 	 2.881401 	 2.881401 	 7.546412 	 10.427813 
392 	 2.910691 	 2.910691 	 7.517094 	 10.427785 
393 	 2.936046 	 2.936046 	 7.491726 	 10.427773 
394 	 2.957218 	 2.957218 	 7.470556 	 10.427775 
395 	 2.974198 	 2.974198 	 7.453592 	 10.427790 
396 	 2.987197 	 2.987197 	 7.440620 	 10.427818 
397 	 2.996627 	 2.996627 	 7.431228 	 10.427855 
398 	 3.003069 	 3.003069 	 7.424832 	 10.427901 
399 	 3.007228 	 3.007228 	 7.420722 	 10.427950 
400 	 3.009881 	 3.009881 	 7.418119 	 10.427999 
401 	 3.011809 	 3.011809 	 7.416235 	 10.428044 
402 	 3.013724 	 3.013724 	 7.414355 	 10.428079 
403 	 3.016201 	 3.016201 	 7.411900 	 10.428101 
404 	 3.019616 	 3.019616 	 7.408491 	 10.428107 
405 	 3.024125 	 3.024125 	 7.403974 	 10.428099 
406 	 3.029658 	 3.029658 	 7.398420 	 10.428078 
407 	 3.035962 	 3.035962 	 7.392088 	 10.428050 
408 	 3.042660 	 3.042660 	 7.385359 	 10.428019 
409 	 3.049332 	 3.049332 	 7.378658 	 10.427990 
410 	 3.055584 	 3.055584 	 7.372384 	 10.427968 
411 	 3.061111 	 3.061111 	 7.366843 	 10.427954 
412 	 3.065722 	 3.065722 	 7.362227 	 10.427949 
413 	 3.069355 	 3.069355 	 7.358596 	 10.427951 
414 	 3.072053 	 3.072053 	 7.355905 	 10.427959 
415 	 3.073944 	 3.073944 	 7.354026 	 10.427970 
416 	 3.075200 	 3.075200 	 7.352782 	 10.427982 
417 	 3.076010 	 3.076010 	 7.351983 	 10.427993 
418 	 3.076558 	 3.076558 	 7.351446 	 10.428003 
419 	 3.077000 	 3.077000 	 7.351012 	 10.428011 
420 	 3.077459 	 3.077459 	 7.350558 	 10.428017 
421 	 3.078020 	 3.078020 	 7.350000 	 10.428021 
422 	 3.078734 	 3.078734 	 7.349289 	 10.428023 
423 	 3.079619 	 3.079619 	 7.348405 	 10.428024 
424 	 3.080675 	 3.080675 	 7.347349 	 10.428025 
425 	 3.081890 	 3.081890 	 7.346136 	 10.428026 
426 	 3.083244 	 3.083244 	 7.344782 	 10.428027 
427 	 3.084712 	 3.084712 	 7.343315 	 10.428027 
428 	 3.086247 	 3.086247 	 7.341778 	 10.428024 
429 	 3.087763 	 3.087763 	 7.340255 	 10.428018 
430 	 3.089115 	 3.089115 	 7.338892 	 10.428007 
431 	 3.090077 	 3.090077 	 7.337912 	 10.427989 
432 	 3.090340 	 3.090340 	 7.337626 	 10.427966 
433 	 3.089521 	 3.089521 	 7.338419 	 10.427940 
434 	 3.087196 	 3.087196 	 7.340717 	 10.427914 
435 	 3.082948 	 3.082948 	 7.344943 	 10.427891 
436 	 3.076421 	 3.076421 	 7.351455 	 10.427875 
437 	 3.067380 	 3.067380 	 7.360490 	 10.427871 
438 	 3.055762 	 3.055762 	 7.372117 	 10.427879 
439 	 3.041700 	 3.041700 	 7.386201 	 10.427900 
440 	 3.025539 	 3.025539 	 7.402396 	 10.427935 
441 	 3.007819 	 3.007819 	 7.420161 	 10.427979 
442 	 2.989241 	 2.989241 	 7.438790 	 10.428031 
443 	 2.970619 	 2.970619 	 7.457468 	 10.428086 
444 	 2.952822 	 2.952822 	 7.475319 	 10.428142 
445 	 2.936720 	 2.936720 	 7.491473 	 10.428193 
446 	 2.923127 	 2.923127 	 7.505111 	 10.428238 
447 	 2.912761 	 2.912761 	 7.515513 	 10.428275 
448 	 2.906203 	 2.906203 	 7.522098 	 10.428301 
449 	 2.903869 	 2.903869 	 7.524446 	 10.428315 
450 	 2.905988 	 2.905988 	 7.522329 	 10.428317 
451 	 2.912587 	 2.912587 	 7.515718 	 10.428305 
452 	 2.923476 	 2.923476 	 7.504804 	 10.428280 
453 	 2.938250 	 2.938250 	 7.489991 	 10.428241 
454 	 2.956301 	 2.956301 	 7.471891 	 10.428191 
455 	 2.976839 	 2.976839 	 7.451294 	 10.428133 
456 	 2.998942 	 2.998942 	 7.429128 	 10.428070 
457 	 3.021618 	 3.021618 	 7.406390 	 10.428008 
458 	 3.043873 	 3.043873 	 7.384078 	 10.427951 
459 	 3.064802 	 3.064802 	 7.363104 	 10.427906 
460 	 3.083662 	 3.083662 	 7.344214 	 10.427876 
461 	 3.099941 	 3.099941 	 7.327924 	 10.427865 
462 	 3.113397 	 3.113397 	 7.314475 	 10.427872 
463 	 3.124077 	 3.124077 	 7.303821 	 10.427898 
464 	 3.132297 	 3.132297 	 7.295643 	 10.427939 
465 	 3.138596 	 3.138596 	 7.289394 	 10.427991 
466 	 3.143670 	 3.143670 	 7.284376 	 10.428046 
467 	 3.148282 	 3.148282 	 7.279819 	 10.428101 
468 	 3.153179 	 3.153179 	 7.274969 	 10.428148 
469 	 3.159011 	 3.159011 	 7.269174 	 10.428185 
470 	 3.166261 	 3.166261 	 7.261946 	 10.428207 
471 	 3.175209 	 3.175209 	 7.253006 	 10.428214 
472 	 3.185907 	 3.185907 	 7.242299 	 10.428206 
473 	 3.198187 	 3.198187 	 7.229998 	 10.428185 
474 	 3.211681 	 3.211681 	 7.216472 	 10.428153 
475 	 3.225856 	 3.225856 	 7.202257 	 10.428112 
476 	 3.240060 	 3.240060 	 7.188007 	 10.428067 
477 	 3.253570 	 3.253570 	 7.174449 	 10.428019 
478 	 3.265639 	 3.265639 	 7.162333 	 10.427972 
479 	 3.275547 	 3.275547 	 7.152382 	 10.427930 
480 	 3.282649 	 3.282649 	 7.145245 	 10.427894 
481 	 3.286416 	 3.286416 	 7.141452 	 10.427868 
482 	 3.286486 	 3.286486 	 7.141369 	 10.427855 
483 	 3.282691 	 3.282691 	 7.145164 	 10.427856 
484 	 3.275092 	 3.275092 	 7.152779 	 10.427872 
485 	 3.263990 	 3.263990 	 7.163913 	 10.427903 
486 	 3.249924 	 3.249924 	 7.178025 	 10.427949 
487 	 3.233654 	 3.233654 	 7.194352 	 10.428006 
488 	 3.216120 	 3.216120 	 7.211951 	 10.428072 
489 	 3.198387 	 3.198387 	 7.229754 	 10.428141 
490 	 3.181570 	 3.181570 	 7.246638 	 10.428208 
491 	 3.166759 	 3.166759 	 7.261509 	 10.428268 
492 	 3.154933 	 3.154933 	 7.273383 	 10.428316 
493 	 3.146885 	 3.146885 	 7.281462 	 10.428347 
494 	 3.143156 	 3.143156 	 7.285203 	 10.428359 
495 	 3.143992 	 3.143992 	 7.284358 	 10.428350 
496 	 3.149326 	 3.149326 	 7.278995 	 10.428321 
497 	 3.158785 	 3.158785 	 7.269488 	 10.428274 
498 	 3.171728 	 3.171728 	 7.256484 	 10.428212 
499 	 3.187300 	 3.187300 	 7.240842 	 10.428142 
500 	 3.204511 	 3.204511 	 7.223557 	 10.428068 
501 	 3.222314 	 3.222314 	 7.205682 	 10.427996 
502 	 3.239694 	 3.239694 	 7.188236 	 10.427931 
503 	 3.255740 	 3.255740 	 7.172137 	 10.427876 
504 	 3.269707 	 3.269707 	 7.158129 	 10.427836 
505 	 3.281066 	 3.281066 	 7.146745 	 10.427812 
506 	 3.289523 	 3.289523 	 7.138280 	 10.427803 
507 	 3.295028 	 3.295028 	 7.132782 	 10.427810 
508 	 3.297756 	 3.297756 	 7.130074 	 10.427830 
509 	 3.298076 	 3.298076 	 7.129783 	 10.427859 
510 	 3.296506 	 3.296506 	 7.131389 	 10.427895 
511 	 3.293648 	 3.293648 	 7.134285 	 10.427933 
512 	 3.290136 	 3.290136 	 7.137833 	 10.427969 
513 	 3.286576 	 3.286576 	 7.141426 	 10.428001 
514 	 3.283492 	 3.283492 	 7.144534 	 10.428026 
515 	 3.281302 	 3.281302 	 7.146742 	 10.428044 
516 	 3.280289 	 3.280289 	 7.147765 	 10.428054 
517 	 3.280604 	 3.280604 	 7.147452 	 10.428056 
518 	 3.282278 	 3.282278 	 7.145775 	 10.428053 
519 	 3.285242 	 3.285242 	 7.142806 	 10.428047 
520 	 3.289355 	 3.289355 	 7.138685 	 10.428039 
521 	 3.294439 	 3.294439 	 7.133593 	 10.428032 
522 	 3.300303 	 3.300303 	 7.127723 	 10.428026 
523 	 3.306762 	 3.306762 	 7.121260 	 10.428022 
524 	 3.313646 	 3.313646 	 7.114373 	 10.428019 
525 	 3.320793 	 3.320793 	 7.107224 	 10.428016 
526 	 3.328033 	 3.328033 	 7.099979 	 10.428012 
527 	 3.335171 	 3.335171 	 7.092833 	 10.428004 
528 	 3.341961 	 3.341961 	 7.086031 	 10.427992 
529 	 3.348097 	 3.348097 	 7.079878 	 10.427975 
530 	 3.353205 	 3.353205 	 7.074748 	 10.427953 
531 	 3.356860 	 3.356860 	 7.071069 	 10.427929 
532 	 3.358607 	 3.358607 	 7.069297 	 10.427904 
533 	 3.358003 	 3.358003 	 7.069879 	 10.427882 
534 	 3.354657 	 3.354657 	 7.073209 	 10.427865 
535 	 3.348279 	 3.348279 	 7.079578 	 10.427857 
536 	 3.338719 	 3.338719 	 7.089141 	 10.427860 
537 	 3.325994 	 3.325994 	 7.101880 	 10.427874 
538 	 3.310309 	 3.310309 	 7.117590 	 10.427899 
539 	 3.292053 	 3.292053 	 7.135882 	 10.427935 
540 	 3.271783 	 3.271783 	 7.156197 	 10.427980 
541 	 3.250193 	 3.250193 	 7.177838 	 10.428031 
542 	 3.228078 	 3.228078 	 7.200007 	 10.428085 
543 	 3.206287 	 3.206287 	 7.221852 	 10.428140 
544 	 3.185679 	 3.185679 	 7.242514 	 10.428192 
545 	 3.167073 	 3.167073 	 7.261168 	 10.428240 
546 	 3.151215 	 3.151215 	 7.277066 	 10.428282 
547 	 3.138743 	 3.138743 	 7.289572 	 10.428315 
548 	 3.130155 	 3.130155 	 7.298183 	 10.428338 
549 	 3.125798 	 3.125798 	 7.302554 	 10.428352 
550 	 3.125846 	 3.125846 	 7.302509 	 10.428355 
551 	 3.130301 	 3.130301 	 7.298046 	 10.428347 
552 	 3.138992 	 3.138992 	 7.289338 	 10.428329 
553 	 3.151579 	 3.151579 	 7.276724 	 10.428303 
554 	 3.167576 	 3.167576 	 7.260692 	 10.428268 
555 	 3.186364 	 3.186364 	 7.241864 	 10.428227 
556 	 3.207221 	 3.207221 	 7.220961 	 10.428181 
557 	 3.229349 	 3.229349 	 7.198783 	 10.428133 
558 	 3.251907 	 3.251907 	 7.176175 	 10.428082 
559 	 3.274034 	 3.274034 	 7.153998 	 10.428032 
560 	 3.294879 	 3.294879 	 7.133104 	 10.427983 
561 	 3.313627 	 3.313627 	 7.114310 	 10.427936 
562 	 3.329519 	 3.329519 	 7.098375 	 10.427894 
563 	 3.341882 	 3.341882 	 7.085974 	 10.427857 
564 	 3.350152 	 3.350152 	 7.077675 	 10.427827 
565 	 3.353903 	 3.353903 	 7.073904 	 10.427807 
566 	 3.352887 	 3.352887 	 7.074911 	 10.427799 
567 	 3.347067 	 3.347067 	 7.080738 	 10.427805 
568 	 3.336650 	 3.336650 	 7.091178 	 10.427828 
569 	 3.322109 	 3.322109 	 7.105759 	 10.427868 
570 	 3.304186 	 3.304186 	 7.123738 	 10.427924 
571 	 3.283863 	 3.283863 	 7.144129 	 10.427992 
572 	 3.262294 	 3.262294 	 7.165771 	 10.428065 
573 	 3.240713 	 3.240713 	 7.187424 	 10.428137 
574 	 3.220310 	 3.220310 	 7.207889 	 10.428198 
575 	 3.202113 	 3.202113 	 7.226131 	 10.428244 
576 	 3.186897 	 3.186897 	 7.241373 	 10.428270 
577 	 3.175124 	 3.175124 	 7.253153 	 10.428277 
578 	 3.166953 	 3.166953 	 7.261316 	 10.428269 
579 	 3.162289 	 3.162289 	 7.265963 	 10.428252 
580 	 3.160870 	 3.160870 	 7.267362 	 10.428232 
581 	 3.162367 	 3.162367 	 7.265849 	 10.428216 
582 	 3.166476 	 3.166476 	 7.261732 	 10.428208 
583 	 3.172983 	 3.172983 	 7.255227 	 10.428210 
584 	 3.181808 	 3.181808 	 7.246415 	 10.428223 
585 	 3.193010 	 3.193010 	 7.235235 	 10.428245 
586 	 3.206765 	 3.206765 	 7.221507 	 10.428272 
587 	 3.223331 	 3.223331 	 7.204971 	 10.428302 
588 	 3.242992 	 3.242992 	 7.185337 	 10.428329 
589 	 3.266002 	 3.266002 	 7.162349 	 10.428351 
590 	 3.292527 	 3.292527 	 7.135836 	 10.428363 
591 	 3.322599 	 3.322599 	 7.105764 	 10.428363 
592 	 3.356081 	 3.356081 	 7.072269 	 10.428350 
593 	 3.392644 	 3.392644 	 7.035680 	 10.428323 
594 	 3.431763 	 3.431763 	 6.996521 	 10.428284 
595 	 3.472733 	 3.472733 	 6.955501 	 10.428234 
596 	 3.514697 	 3.514697 	 6.913478 	 10.428175 
597 	 3.556685 	 3.556685 	 6.871427 	 10.428112 
598 	 3.597666 	 3.597666 	 6.830381 	 10.428047 
599 	 3.636601 	 3.636601 	 6.791385 	 10.427985 
600 	 3.672493 	 3.672493 	 6.755435 	 10.427928 
601 	 3.704441 	 3.704441 	 6.723438 	 10.427879 
602 	 3.731682 	 3.731682 	 6.696159 	 10.427841 
603 	 3.753621 	 3.753621 	 6.674193 	 10.427814 
604 	 3.769857 	 3.769857 	 6.657942 	 10.427800 
605 	 3.780201 	 3.780201 	 6.647597 	 10.427798 
606 	 3.784672 	 3.784672 	 6.643138 	 10.427810 
607 	 3.783494 	 3.783494 	 6.644338 	 10.427832 
608 	 3.777081 	 3.777081 	 6.650783 	 10.427864 
609 	 3.766008 	 3.766008 	 6.661896 	 10.427904 
610 	 3.750986 	 3.750986 	 6.676963 	 10.427949 
611 	 3.732821 	 3.732821 	 6.695177 	 10.427998 
612 	 3.712380 	 3.712380 	 6.715668 	 10.428048 
613 	 3.690559 	 3.690559 	 6.737538 	 10.428097 
614 	 3.668251 	 3.668251 	 6.759894 	 10.428145 
615 	 3.646328 	 3.646328 	 6.781862 	 10.428190 
616 	 3.625621 	 3.625621 	 6.802610 	 10.428232 
617 	 3.606913 	 3.606913 	 6.821357 	 10.428270 
618 	 3.590924 	 3.590924 	 6.837381 	 10.428305 
619 	 3.578303 	 3.578303 	 6.850032 	 10.428335 
620 	 3.569607 	 3.569607 	 6.858752 	 10.428359 
621 	 3.565275 	 3.565275 	 6.863099 	 10.428374 
622 	 3.565595 	 3.565595 	 6.862783 	 10.428378 
623 	 3.570669 	 3.570669 	 6.857701 	 10.428369 
624 	 3.580377 	 3.580377 	 6.847968 	 10.428346 
625 	 3.594359 	 3.594359 	 6.833948 	 10.428306 
626 	 3.612000 	 3.612000 	 6.816252 	 10.428252 
627 	 3.632451 	 3.632451 	 6.795735 	 10.428186 
628 	 3.654657 	 3.654657 	 6.773453 	 10.428110 
629 	 3.677418 	 3.677418 	 6.750611 	 10.428029 
630 	 3.699451 	 3.699451 	 6.728497 	 10.427947 
631 	 3.719469 	 3.719469 	 6.708402 	 10.427871 
632 	 3.736255 	 3.736255 	 6.691547 	 10.427802 
633 	 3.748729 	 3.748729 	 6.679017 	 10.427746 
634 	 3.756001 	 3.756001 	 6.671703 	 10.427704 
635 	 3.757424 	 3.757424 	 6.670255 	 10.427680 
636 	 3.752619 	 3.752619 	 6.675053 	 10.427673 
637 	 3.741498 	 3.741498 	 6.686186 	 10.427684 
638 	 3.724274 	 3.724274 	 6.703440 	 10.427714 
639 	 3.701459 	 3.701459 	 6.726303 	 10.427762 
640 	 3.673856 	 3.673856 	 6.753971 	 10.427826 
641 	 3.642531 	 3.642531 	 6.785375 	 10.427906 
642 	 3.608786 	 3.608786 	 6.819211 	 10.427997 
643 	 3.574107 	 3.574107 	 6.853989 	 10.428097 
644 	 3.540108 	 3.540108 	 6.888092 	 10.428200 
645 	 3.508458 	 3.508458 	 6.919844 	 10.428303 
646 	 3.480799 	 3.480799 	 6.947599 	 10.428398 
647 	 3.458651 	 3.458651 	 6.969829 	 10.428480 
648 	 3.443311 	 3.443311 	 6.985232 	 10.428542 
649 	 3.435757 	 3.435757 	 6.992821 	 10.428578 
650 	 3.436561 	 3.436561 	 6.992024 	 10.428584 
651 	 3.445818 	 3.445818 	 6.982740 	 10.428558 
652 	 3.463124 	 3.463124 	 6.965376 	 10.428500 
653 	 3.487580 	 3.487580 	 6.940834 	 10.428414 
654 	 3.517852 	 3.517852 	 6.910454 	 10.428306 
655 	 3.552265 	 3.552265 	 6.875919 	 10.428184 
656 	 3.588924 	 3.588924 	 6.839132 	 10.428057 
657 	 3.625851 	 3.625851 	 6.802082 	 10.427933 
658 	 3.661110 	 3.661110 	 6.766709 	 10.427819 
659 	 3.692927 	 3.692927 	 6.734794 	 10.427721 
660 	 3.719768 	 3.719768 	 6.707874 	 10.427642 
661 	 3.740402 	 3.740402 	 6.687182 	 10.427583 
662 	 3.753919 	 3.753919 	 6.673626 	 10.427545 
663 	 3.759739 	 3.759739 	 6.667786 	 10.427525 
664 	 3.757593 	 3.757593 	 6.669929 	 10.427522 
665 	 3.747497 	 3.747497 	 6.680037 	 10.427534 
666 	 3.729723 	 3.729723 	 6.697835 	 10.427558 
667 	 3.704765 	 3.704765 	 6.722829 	 10.427594 
668 	 3.673314 	 3.673314 	 6.754325 	 10.427639 
669 	 3.636227 	 3.636227 	 6.791465 	 10.427692 
670 	 3.594500 	 3.594500 	 6.833251 	 10.427751 
671 	 3.549242 	 3.549242 	 6.878574 	 10.427816 
672 	 3.501636 	 3.501636 	 6.926246 	 10.427882 
673 	 3.452911 	 3.452911 	 6.975039 	 10.427950 
674 	 3.404299 	 3.404299 	 7.023716 	 10.428016 
675 	 3.357008 	 3.357008 	 7.071071 	 10.428079 
676 	 3.312183 	 3.312183 	 7.115954 	 10.428138 
677 	 3.270895 	 3.270895 	 7.157297 	 10.428192 
678 	 3.234115 	 3.234115 	 7.194126 	 10.428241 
679 	 3.202702 	 3.202702 	 7.225582 	 10.428284 
680 	 3.177380 	 3.177380 	 7.250938 	 10.428318 
681 	 3.158706 	 3.158706 	 7.269635 	 10.428342 
682 	 3.147025 	 3.147025 	 7.281325 	 10.428350 
683 	 3.142414 	 3.142414 	 7.285925 	 10.428340 
684 	 3.144639 	 3.144639 	 7.283669 	 10.428308 
685 	 3.153119 	 3.153119 	 7.275138 	 10.428256 
686 	 3.166930 	 3.166930 	 7.261256 	 10.428185 
687 	 3.184851 	 3.184851 	 7.243250 	 10.428101 
688 	 3.205446 	 3.205446 	 7.222565 	 10.428011 
689 	 3.227173 	 3.227173 	 7.200749 	 10.427922 
690 	 3.248501 	 3.248501 	 7.179341 	 10.427842 
691 	 3.268016 	 3.268016 	 7.159758 	 10.427775 
692 	 3.284509 	 3.284509 	 7.143215 	 10.427724 
693 	 3.297018 	 3.297018 	 7.130672 	 10.427690 
694 	 3.304857 	 3.304857 	 7.122816 	 10.427673 
695 	 3.307611 	 3.307611 	 7.120061 	 10.427672 
696 	 3.305126 	 3.305126 	 7.122560 	 10.427686 
697 	 3.297496 	 3.297496 	 7.130218 	 10.427714 
698 	 3.285050 	 3.285050 	 7.142706 	 10.427756 
699 	 3.268349 	 3.268349 	 7.159462 	 10.427811 
700 	 3.248178 	 3.248178 	 7.179701 	 10.427880 
701 	 3.225528 	 3.225528 	 7.202432 	 10.427959 
702 	 3.201569 	 3.201569 	 7.226478 	 10.428048 
703 	 3.177609 	 3.177609 	 7.250532 	 10.428141 
704 	 3.155022 	 3.155022 	 7.273212 	 10.428234 
705 	 3.135178 	 3.135178 	 7.293143 	 10.428321 
706 	 3.119352 	 3.119352 	 7.309045 	 10.428396 
707 	 3.108641 	 3.108641 	 7.319815 	 10.428455 
708 	 3.103886 	 3.103886 	 7.324609 	 10.428494 
709 	 3.105616 	 3.105616 	 7.322895 	 10.428511 
710 	 3.114016 	 3.114016 	 7.314489 	 10.428504 
711 	 3.128919 	 3.128919 	 7.299558 	 10.428477 
712 	 3.149825 	 3.149825 	 7.278605 	 10.428431 
713 	 3.175944 	 3.175944 	 7.252425 	 10.428369 
714 	 3.206245 	 3.206245 	 7.222051 	 10.428296 
715 	 3.239518 	 3.239518 	 7.188697 	 10.428215 
716 	 3.274438 	 3.274438 	 7.153692 	 10.428131 
717 	 3.309620 	 3.309620 	 7.118426 	 10.428046 
718 	 3.343674 	 3.343674 	 7.084289 	 10.427963 
719 	 3.375256 	 3.375256 	 7.052630 	 10.427885 
720 	 3.403114 	 3.403114 	 7.024701 	 10.427816 
721 	 3.426134 	 3.426134 	 7.001623 	 10.427757 
722 	 3.443378 	 3.443378 	 6.984333 	 10.427710 
723 	 3.454131 	 3.454131 	 6.973549 	 10.427680 
724 	 3.457937 	 3.457937 	 6.969731 	 10.427667 
725 	 3.454632 	 3.454632 	 6.973042 	 10.427674 
726 	 3.444372 	 3.444372 	 6.983330 	 10.427702 
727 	 3.427637 	 3.427637 	 7.000112 	 10.427749 
728 	 3.405232 	 3.405232 	 7.022584 	 10.427816 
729 	 3.378256 	 3.378256 	 7.049642 	 10.427898 
730 	 3.348048 	 3.348048 	 7.079943 	 10.427991 
731 	 3.316110 	 3.316110 	 7.111978 	 10.428088 
732 	 3.284012 	 3.284012 	 7.144171 	 10.428183 
733 	 3.253276 	 3.253276 	 7.174991 	 10.428267 
734 	 3.225261 	 3.225261 	 7.203073 	 10.428334 
735 	 3.201059 	 3.201059 	 7.227319 	 10.428379 
736 	 3.181419 	 3.181419 	 7.246979 	 10.428398 
737 	 3.166695 	 3.166695 	 7.261697 	 10.428392 
738 	 3.156848 	 3.156848 	 7.271515 	 10.428363 
739 	 3.151475 	 3.151475 	 7.276840 	 10.428315 
740 	 3.149879 	 3.149879 	 7.278375 	 10.428254 
741 	 3.151150 	 3.151150 	 7.277036 	 10.428187 
742 	 3.154263 	 3.154263 	 7.273855 	 10.428118 
743 	 3.158167 	 3.158167 	 7.269887 	 10.428053 
744 	 3.161869 	 3.161869 	 7.266128 	 10.427997 
745 	 3.164505 	 3.164505 	 7.263448 	 10.427953 
746 	 3.165385 	 3.165385 	 7.262536 	 10.427922 
747 	 3.164039 	 3.164039 	 7.263866 	 10.427905 
748 	 3.160230 	 3.160230 	 7.267675 	 10.427904 
749 	 3.153962 	 3.153962 	 7.273956 	 10.427917 
750 	 3.145471 	 3.145471 	 7.282472 	 10.427943 
751 	 3.135196 	 3.135196 	 7.292782 	 10.427979 
752 	 3.123743 	 3.123743 	 7.304278 	 10.428021 
753 	 3.111834 	 3.111834 	 7.316233 	 10.428067 
754 	 3.100254 	 3.100254 	 7.327859 	 10.428113 
755 	 3.089801 	 3.089801 	 7.338357 	 10.428157 
756 	 3.081243 	 3.081243 	 7.346954 	 10.428198 
757 	 3.075292 	 3.075292 	 7.352941 	 10.428234 
758 	 3.072588 	 3.072588 	 7.355677 	 10.428266 
759 	 3.073698 	 3.073698 	 7.354597 	 10.428294 
760 	 3.079118 	 3.079118 	 7.349201 	 10.428320 
761 	 3.089279 	 3.089279 	 7.339063 	 10.428342 
762 	 3.104529 	 3.104529 	 7.323830 	 10.428359 
763 	 3.125114 	 3.125114 	 7.303254 	 10.428369 
764 	 3.151141 	 3.151141 	 7.277226 	 10.428368 
765 	 3.182527 	 3.182527 	 7.245826 	 10.428352 
766 	 3.218949 	 3.218949 	 7.209371 	 10.428320 
767 	 3.259808 	 3.259808 	 7.168460 	 10.428268 
768 	 3.304206 	 3.304206 	 7.123992 	 10.428198 
769 	 3.350955 	 3.350955 	 7.077156 	 10.428111 
770 	 3.398623 	 3.398623 	 7.029391 	 10.428013 
771 	 3.445601 	 3.445601 	 6.982309 	 10.427910 
772 	 3.490207 	 3.490207 	 6.937601 	 10.427808 
773 	 3.530793 	 3.530793 	 6.896922 	 10.427715 
774 	 3.565850 	 3.565850 	 6.861788 	 10.427637 
775 	 3.594106 	 3.594106 	 6.833474 	 10.427579 
776 	 3.614601 	 3.614601 	 6.812942 	 10.427543 
777 	 3.626740 	 3.626740 	 6.800792 	 10.427532 
778 	 3.630316 	 3.630316 	 6.797229 	 10.427545 
779 	 3.625526 	 3.625526 	 6.802057 	 10.427583 
780 	 3.612961 	 3.612961 	 6.814682 	 10.427644 
781 	 3.593588 	 3.593588 	 6.834138 	 10.427726 
782 	 3.568715 	 3.568715 	 6.859111 	 10.427827 
783 	 3.539943 	 3.539943 	 6.887998 	 10.427941 
784 	 3.509090 	 3.509090 	 6.918973 	 10.428063 
785 	 3.478090 	 3.478090 	 6.950095 	 10.428185 
786 	 3.448865 	 3.448865 	 6.979432 	 10.428297 
787 	 3.423175 	 3.423175 	 7.005214 	 10.428390 
788 	 3.402476 	 3.402476 	 7.025978 	 10.428454 
789 	 3.387796 	 3.387796 	 7.040691 	 10.428487 
790 	 3.379664 	 3.379664 	 7.048823 	 10.428487 
791 	 3.378110 	 3.378110 	 7.050350 	 10.428459 
792 	 3.382718 	 3.382718 	 7.045693 	 10.428411 
793 	 3.392743 	 3.392743 	 7.035609 	 10.428351 
794 	 3.407238 	 3.407238 	 7.021051 	 10.428289 
795 	 3.425183 	 3.425183 	 7.003046 	 10.428229 
796 	 3.445577 	 3.445577 	 6.982599 	 10.428176 
797 	 3.467497 	 3.467497 	 6.960633 	 10.428131 
798 	 3.490115 	 3.490115 	 6.937976 	 10.428091 
799 	 3.512685 	 3.512685 	 6.915369 	 10.428055 
800 	 3.534520 	 3.534520 	 6.893499 	 10.428020 
801 	 3.554966 	 3.554966 	 6.873020 	 10.427985 
802 	 3.573382 	 3.573382 	 6.854568 	 10.427950 
803 	 3.589145 	 3.589145 	 6.838771 	 10.427916 
804 	 3.601659 	 3.601659 	 6.826225 	 10.427883 
805 	 3.610387 	 3.610387 	 6.817469 	 10.427856 
806 	 3.614885 	 3.614885 	 6.812951 	 10.427836 
807 	 3.614842 	 3.614842 	 6.812983 	 10.427825 
808 	 3.610117 	 3.610117 	 6.817710 	 10.427827 
809 	 3.600766 	 3.600766 	 6.827076 	 10.427842 
810 	 3.587063 	 3.587063 	 6.840807 	 10.427871 
811 	 3.569501 	 3.569501 	 6.858411 	 10.427912 
812 	 3.548773 	 3.548773 	 6.879191 	 10.427964 
813 	 3.525746 	 3.525746 	 6.902279 	 10.428025 
814 	 3.501398 	 3.501398 	 6.926690 	 10.428088 
815 	 3.476758 	 3.476758 	 6.951392 	 10.428150 
816 	 3.452825 	 3.452825 	 6.975380 	 10.428205 
817 	 3.430495 	 3.430495 	 6.997755 	 10.428250 
818 	 3.410495 	 3.410495 	 7.017786 	 10.428281 
819 	 3.393346 	 3.393346 	 7.034952 	 10.428298 
820 	 3.379346 	 3.379346 	 7.048956 	 10.428302 
821 	 3.368587 	 3.368587 	 7.059709 	 10.428296 
822 	 3.360998 	 3.360998 	 7.067286 	 10.428284 
823 	 3.356406 	 3.356406 	 7.071864 	 10.428270 
824 	 3.354604 	 3.354604 	 7.073655 	 10.428259 
825 	 3.355411 	 3.355411 	 7.072843 	 10.428255 
826 	 3.358728 	 3.358728 	 7.069530 	 10.428258 
827 	 3.364561 	 3.364561 	 7.063709 	 10.428270 
828 	 3.373035 	 3.373035 	 7.055254 	 10.428289 
829 	 3.384369 	 3.384369 	 7.043943 	 10.428312 
830 	 3.398845 	 3.398845 	 7.029491 	 10.428336 
831 	 3.416747 	 3.416747 	 7.011610 	 10.428357 
832 	 3.438310 	 3.438310 	 6.990061 	 10.428370 
833 	 3.463656 	 3.463656 	 6.964717 	 10.428373 
834 	 3.492751 	 3.492751 	 6.935612 	 10.428364 
835 	 3.525375 	 3.525375 	 6.902966 	 10.428341 
836 	 3.561109 	 3.561109 	 6.867198 	 10.428307 
837 	 3.599355 	 3.599355 	 6.828907 	 10.428262 
838 	 3.639367 	 3.639367 	 6.788844 	 10.428211 
839 	 3.680296 	 3.680296 	 6.747862 	 10.428157 
840 	 3.721243 	 3.721243 	 6.706861 	 10.428103 
841 	 3.761312 	 3.761312 	 6.666741 	 10.428053 
842 	 3.799652 	 3.799652 	 6.628356 	 10.428008 
843 	 3.835486 	 3.835486 	 6.592483 	 10.427969 
844 	 3.868129 	 3.868129 	 6.559807 	 10.427936 
845 	 3.896995 	 3.896995 	 6.530913 	 10.427909 
846 	 3.921586 	 3.921586 	 6.506301 	 10.427887 
847 	 3.941481 	 3.941481 	 6.486387 	 10.427868 
848 	 3.956321 	 3.956321 	 6.471530 	 10.427851 
849 	 3.965794 	 3.965794 	 6.462042 	 10.427836 
850 	 3.969624 	 3.969624 	 6.458199 	 10.427822 
851 	 3.967561 	 3.967561 	 6.460248 	 10.427809 
852 	 3.959383 	 3.959383 	 6.468414 	 10.427797 
853 	 3.944899 	 3.944899 	 6.482887 	 10.427786 
854 	 3.923953 	 3.923953 	 6.503825 	 10.427778 
855 	 3.896438 	 3.896438 	 6.531334 	 10.427772 
856 	 3.862305 	 3.862305 	 6.565465 	 10.427770 
857 	 3.821579 	 3.821579 	 6.606193 	 10.427772 
858 	 3.774369 	 3.774369 	 6.653410 	 10.427779 
859 	 3.720880 	 3.720880 	 6.706911 	 10.427791 
860 	 3.661422 	 3.661422 	 6.766388 	 10.427810 
861 	 3.596418 	 3.596418 	 6.831417 	 10.427836 
862 	 3.526409 	 3.526409 	 6.901459 	 10.427867 
863 	 3.452052 	 3.452052 	 6.975854 	 10.427906 
864 	 3.374129 	 3.374129 	 7.053823 	 10.427952 
865 	 3.293535 	 3.293535 	 7.134469 	 10.428004 
866 	 3.211282 	 3.211282 	 7.216780 	 10.428062 
867 	 3.128488 	 3.128488 	 7.299639 	 10.428127 
868 	 3.046362 	 3.046362 	 7.381835 	 10.428197 
869 	 2.966192 	 2.966192 	 7.462078 	 10.428270 
870 	 2.889314 	 2.889314 	 7.539031 	 10.428345 
871 	 2.817078 	 2.817078 	 7.611342 	 10.428419 
872 	 2.750798 	 2.750798 	 7.677691 	 10.428488 
873 	 2.691696 	 2.691696 	 7.736853 	 10.428549 
874 	 2.640841 	 2.640841 	 7.787756 	 10.428597 
875 	 2.599086 	 2.599086 	 7.829542 	 10.428629 
876 	 2.567025 	 2.567025 	 7.861618 	 10.428643 
877 	 2.544963 	 2.544963 	 7.883677 	 10.428640 
878 	 2.532920 	 2.532920 	 7.895702 	 10.428622 
879 	 2.530663 	 2.530663 	 7.897930 	 10.428593 
880 	 2.537756 	 2.537756 	 7.890800 	 10.428556 
881 	 2.553627 	 2.553627 	 7.874888 	 10.428516 
882 	 2.577622 	 2.577622 	 7.850853 	 10.428475 
883 	 2.609047 	 2.609047 	 7.819386 	 10.428434 
884 	 2.647192 	 2.647192 	 7.781200 	 10.428393 
885 	 2.691328 	 2.691328 	 7.737022 	 10.428350 
886 	 2.740695 	 2.740695 	 7.687610 	 10.428305 
887 	 2.794488 	 2.794488 	 7.633768 	 10.428257 
888 	 2.851849 	 2.851849 	 7.576356 	 10.428205 
889 	 2.911874 	 2.911874 	 7.516277 	 10.428151 
890 	 2.973636 	 2.973636 	 7.454462 	 10.428097 
891 	 3.036221 	 3.036221 	 7.391826 	 10.428047 
892 	 3.098773 	 3.098773 	 7.329230 	 10.428003 
893 	 3.160537 	 3.160537 	 7.267431 	 10.427968 
894 	 3.220891 	 3.220891 	 7.207052 	 10.427943 
895 	 3.279366 	 3.279366 	 7.148561 	 10.427927 
896 	 3.335637 	 3.335637 	 7.092282 	 10.427919 
897 	 3.389495 	 3.389495 	 7.038420 	 10.427915 
898 	 3.440797 	 3.440797 	 6.987114 	 10.427910 
899 	 3.489396 	 3.489396 	 6.938505 	 10.427901 
900 	 3.535082 	 3.535082 	 6.892801 	 10.427883 
901 	 3.577524 	 3.577524 	 6.850331 	 10.427855 
902 	 3.616249 	 3.616249 	 6.811568 	 10.427818 
903 	 3.650653 	 3.650653 	 6.777121 	 10.427774 
904 	 3.680045 	 3.680045 	 6.747683 	 10.427728 
905 	 3.703725 	 3.703725 	 6.723962 	 10.427687 
906 	 3.721063 	 3.721063 	 6.706592 	 10.427656 
907 	 3.731589 	 3.731589 	 6.696049 	 10.427638 
908 	 3.735045 	 3.735045 	 6.692591 	 10.427637 
909 	 3.731425 	 3.731425 	 6.696227 	 10.427651 
910 	 3.720966 	 3.720966 	 6.706713 	 10.427679 
911 	 3.704126 	 3.704126 	 6.723591 	 10.427717 
912 	 3.681531 	 3.681531 	 6.746230 	 10.427761 
913 	 3.653917 	 3.653917 	 6.773890 	 10.427807 
914 	 3.622076 	 3.622076 	 6.805777 	 10.427853 
915 	 3.586816 	 3.586816 	 6.841082 	 10.427898 
916 	 3.548935 	 3.548935 	 6.879005 	 10.427940 
917 	 3.509224 	 3.509224 	 6.918758 	 10.427982 
918 	 3.468479 	 3.468479 	 6.959547 	 10.428026 
919 	 3.427521 	 3.427521 	 7.000552 	 10.428073 
920 	 3.387218 	 3.387218 	 7.040906 	 10.428124 
921 	 3.348491 	 3.348491 	 7.079688 	 10.428178 
922 	 3.312298 	 3.312298 	 7.115936 	 10.428234 
923 	 3.279602 	 3.279602 	 7.148686 	 10.428287 
924 	 3.251307 	 3.251307 	 7.177026 	 10.428333 
925 	 3.228191 	 3.228191 	 7.200175 	 10.428366 
926 	 3.210828 	 3.210828 	 7.217555 	 10.428382 
927 	 3.199525 	 3.199525 	 7.228854 	 10.428379 
928 	 3.194282 	 3.194282 	 7.234073 	 10.428355 
929 	 3.194780 	 3.194780 	 7.233533 	 10.428312 
930 	 3.200399 	 3.200399 	 7.227855 	 10.428253 
931 	 3.210271 	 3.210271 	 7.217911 	 10.428183 
932 	 3.223348 	 3.223348 	 7.204758 	 10.428106 
933 	 3.238480 	 3.238480 	 7.189548 	 10.428028 
934 	 3.254504 	 3.254504 	 7.173449 	 10.427954 
935 	 3.270322 	 3.270322 	 7.157566 	 10.427888 
936 	 3.284974 	 3.284974 	 7.142862 	 10.427836 
937 	 3.297702 	 3.297702 	 7.130098 	 10.427799 
938 	 3.307998 	 3.307998 	 7.119783 	 10.427781 
939 	 3.315645 	 3.315645 	 7.112138 	 10.427783 
940 	 3.320729 	 3.320729 	 7.107075 	 10.427804 
941 	 3.323646 	 3.323646 	 7.104199 	 10.427844 
942 	 3.325067 	 3.325067 	 7.102833 	 10.427900 
943 	 3.325896 	 3.325896 	 7.102070 	 10.427966 
944 	 3.327196 	 3.327196 	 7.100841 	 10.428037 
945 	 3.330098 	 3.330098 	 7.098009 	 10.428107 
946 	 3.335703 	 3.335703 	 7.092465 	 10.428169 
947 	 3.344981 	 3.344981 	 7.083236 	 10.428217 
948 	 3.358678 	 3.358678 	 7.069568 	 10.428246 
949 	 3.377248 	 3.377248 	 7.051007 	 10.428255 
950 	 3.400810 	 3.400810 	 7.027432 	 10.428241 
951 	 3.429139 	 3.429139 	 6.999069 	 10.428208 
952 	 3.461698 	 3.461698 	 6.966461 	 10.428158 
953 	 3.497686 	 3.497686 	 6.930412 	 10.428098 
954 	 3.536121 	 3.536121 	 6.891911 	 10.428032 
955 	 3.575919 	 3.575919 	 6.852045 	 10.427965 
956 	 3.615974 	 3.615974 	 6.811927 	 10.427901 
957 	 3.655220 	 3.655220 	 6.772624 	 10.427843 
958 	 3.692676 	 3.692676 	 6.735117 	 10.427794 
959 	 3.727482 	 3.727482 	 6.700270 	 10.427752 
960 	 3.758903 	 3.758903 	 6.668815 	 10.427718 
961 	 3.786342 	 3.786342 	 6.641350 	 10.427692 
962 	 3.809338 	 3.809338 	 6.618336 	 10.427674 
963 	 3.827559 	 3.827559 	 6.600104 	 10.427662 
964 	 3.840806 	 3.840806 	 6.586853 	 10.427658 
965 	 3.849005 	 3.849005 	 6.578656 	 10.427661 
966 	 3.852208 	 3.852208 	 6.575462 	 10.427669 
967 	 3.850584 	 3.850584 	 6.577100 	 10.427685 
968 	 3.844416 	 3.844416 	 6.583289 	 10.427705 
969 	 3.834085 	 3.834085 	 6.593645 	 10.427730 
970 	 3.820059 	 3.820059 	 6.607700 	 10.427759 
971 	 3.802873 	 3.802873 	 6.624918 	 10.427791 
972 	 3.783108 	 3.783108 	 6.644716 	 10.427823 
973 	 3.761366 	 3.761366 	 6.666490 	 10.427856 
974 	 3.738248 	 3.738248 	 6.689639 	 10.427887 
975 	 3.714334 	 3.714334 	 6.713582 	 10.427916 
976 	 3.690171 	 3.690171 	 6.737772 	 10.427943 
977 	 3.666266 	 3.666266 	 6.761703 	 10.427969 
978 	 3.643096 	 3.643096 	 6.784899 	 10.427995 
979 	 3.621107 	 3.621107 	 6.806913 	 10.428020 
980 	 3.600723 	 3.600723 	 6.827322 	 10.428044 
981 	 3.582333 	 3.582333 	 6.845734 	 10.428067 
982 	 3.566272 	 3.566272 	 6.861813 	 10.428085 
983 	 3.552787 	 3.552787 	 6.875309 	 10.428096 
984 	 3.542006 	 3.542006 	 6.886092 	 10.428098 
985 	 3.533913 	 3.533913 	 6.894178 	 10.428091 
986 	 3.528337 	 3.528337 	 6.899739 	 10.428076 
987 	 3.524966 	 3.524966 	 6.903087 	 10.428054 
988 	 3.523379 	 3.523379 	 6.904649 	 10.428028 
989 	 3.523089 	 3.523089 	 6.904913 	 10.428002 
990 	 3.523603 	 3.523603 	 6.904377 	 10.427979 
991 	 3.524471 	 3.524471 	 6.903492 	 10.427963 
992 	 3.525339 	 3.525339 	 6.902618 	 10.427956 
993 	 3.525979 	 3.525979 	 6.901980 	 10.427959 
994 	 3.526315 	 3.526315 	 6.901657 	 10.427972 
995 	 3.526419 	 3.526419 	 6.901575 	 10.427994 
996 	 3.526497 	 3.526497 	 6.901525 	 10.428022 
997 	 3.526862 	 3.526862 	 6.901193 	 10.428055 
998 	 3.527887 	 3.527887 	 6.900201 	 10.428088 
999 	 3.529959 	 3.529959 	 6.898159 	 10.428118 
