0 	 4.125402 	 4.125402 	 5.584338 	 9.709740 
1 	 4.157920 	 4.157920 	 5.551800 	 9.709720 
2 	 4.181533 	 4.181533 	 5.528181 	 9.709714 
3 	 4.196102 	 4.196102 	 5.513620 	 9.709722 
4 	 4.201721 	 4.201721 	 5.508023 	 9.709744 
5 	 4.198715 	 4.198715 	 5.511063 	 9.709778 
6 	 4.187628 	 4.187628 	 5.522196 	 9.709824 
7 	 4.169202 	 4.169202 	 5.540678 	 9.709879 
8 	 4.144347 	 4.144347 	 5.565596 	 9.709942 
9 	 4.114103 	 4.114103 	 5.595907 	 9.710010 
10 	 4.079599 	 4.079599 	 5.630481 	 9.710080 
11 	 4.042002 	 4.042002 	 5.668146 	 9.710148 
12 	 4.002479 	 4.002479 	 5.707734 	 9.710214 
13 	 3.962147 	 3.962147 	 5.748126 	 9.710273 
14 	 3.922030 	 3.922030 	 5.788293 	 9.710323 
15 	 3.883020 	 3.883020 	 5.827342 	 9.710363 
16 	 3.845832 	 3.845832 	 5.864556 	 9.710388 
17 	 3.810970 	 3.810970 	 5.899429 	 9.710399 
18 	 3.778699 	 3.778699 	 5.931695 	 9.710394 
19 	 3.749040 	 3.749040 	 5.961334 	 9.710374 
20 	 3.721779 	 3.721779 	 5.988563 	 9.710342 
21 	 3.696510 	 3.696510 	 6.013791 	 9.710301 
22 	 3.672699 	 3.672699 	 6.037559 	 9.710259 
23 	 3.649771 	 3.649771 	 6.060449 	 9.710220 
24 	 3.627202 	 3.627202 	 6.082989 	 9.710191 
25 	 3.604616 	 3.604616 	 6.105561 	 9.710178 
26 	 3.581858 	 3.581858 	 6.128325 	 9.710183 
27 	 3.559043 	 3.559043 	 6.151164 	 9.710207 
28 	 3.536570 	 3.536570 	 6.173679 	 9.710249 
29 	 3.515098 	 3.515098 	 6.195206 	 9.710304 
30 	 3.495475 	 3.495475 	 6.214891 	 9.710366 
31 	 3.478638 	 3.478638 	 6.231787 	 9.710425 
32 	 3.465494 	 3.465494 	 6.244981 	 9.710475 
33 	 3.456791 	 3.456791 	 6.253717 	 9.710508 
34 	 3.453017 	 3.453017 	 6.257503 	 9.710520 
35 	 3.454337 	 3.454337 	 6.256173 	 9.710510 
36 	 3.460591 	 3.460591 	 6.249893 	 9.710483 
37 	 3.471335 	 3.471335 	 6.239110 	 9.710445 
38 	 3.485941 	 3.485941 	 6.224462 	 9.710402 
39 	 3.503693 	 3.503693 	 6.206669 	 9.710362 
40 	 3.523891 	 3.523891 	 6.186438 	 9.710329 
41 	 3.545917 	 3.545917 	 6.164387 	 9.710305 
42 	 3.569274 	 3.569274 	 6.141016 	 9.710289 
43 	 3.593587 	 3.593587 	 6.116695 	 9.710282 
44 	 3.618595 	 3.618595 	 6.091686 	 9.710280 
45 	 3.644125 	 3.644125 	 6.066158 	 9.710283 
46 	 3.670064 	 3.670064 	 6.040224 	 9.710287 
47 	 3.696334 	 3.696334 	 6.013958 	 9.710292 
48 	 3.722863 	 3.722863 	 5.987431 	 9.710294 
49 	 3.749554 	 3.749554 	 5.960738 	 9.710292 
50 	 3.776245 	 3.776245 	 5.934038 	 9.710283 
51 	 3.802676 	 3.802676 	 5.907587 	 9.710264 
52 	 3.828454 	 3.828454 	 5.881780 	 9.710233 
53 	 3.853025 	 3.853025 	 5.857165 	 9.710191 
54 	 3.875674 	 3.875674 	 5.834462 	 9.710136 
55 	 3.895520 	 3.895520 	 5.814550 	 9.710070 
56 	 3.911549 	 3.911549 	 5.798446 	 9.709995 
57 	 3.922634 	 3.922634 	 5.787278 	 9.709912 
58 	 3.927581 	 3.927581 	 5.782243 	 9.709824 
59 	 3.925162 	 3.925162 	 5.784571 	 9.709734 
60 	 3.914162 	 3.914162 	 5.795481 	 9.709642 
61 	 3.893422 	 3.893422 	 5.816132 	 9.709554 
62 	 3.861904 	 3.861904 	 5.847569 	 9.709473 
63 	 3.818776 	 3.818776 	 5.890632 	 9.709408 
64 	 3.763528 	 3.763528 	 5.945841 	 9.709369 
65 	 3.696134 	 3.696134 	 6.013235 	 9.709369 
66 	 3.617263 	 3.617263 	 6.092164 	 9.709427 
67 	 3.528505 	 3.528505 	 6.181054 	 9.709559 
68 	 3.432597 	 3.432597 	 6.277179 	 9.709776 
69 	 3.333541 	 3.333541 	 6.376536 	 9.710077 
70 	 3.236530 	 3.236530 	 6.473911 	 9.710441 
71 	 3.147570 	 3.147570 	 6.563251 	 9.710821 
72 	 3.072763 	 3.072763 	 6.638391 	 9.711154 
73 	 3.017364 	 3.017364 	 6.694010 	 9.711375 
74 	 2.984848 	 2.984848 	 6.726594 	 9.711442 
75 	 2.976297 	 2.976297 	 6.735054 	 9.711351 
76 	 2.990349 	 2.990349 	 6.720789 	 9.711138 
77 	 3.023675 	 3.023675 	 6.687183 	 9.710858 
78 	 3.071818 	 3.071818 	 6.638754 	 9.710572 
79 	 3.130056 	 3.130056 	 6.580267 	 9.710323 
80 	 3.194081 	 3.194081 	 6.516052 	 9.710132 
81 	 3.260372 	 3.260372 	 6.449632 	 9.710005 
82 	 3.326311 	 3.326311 	 6.383620 	 9.709931 
83 	 3.390101 	 3.390101 	 6.319798 	 9.709899 
84 	 3.450603 	 3.450603 	 6.259291 	 9.709894 
85 	 3.507152 	 3.507152 	 6.202754 	 9.709906 
86 	 3.559390 	 3.559390 	 6.150535 	 9.709925 
87 	 3.607143 	 3.607143 	 6.102802 	 9.709945 
88 	 3.650331 	 3.650331 	 6.059633 	 9.709964 
89 	 3.688914 	 3.688914 	 6.021066 	 9.709980 
90 	 3.722863 	 3.722863 	 5.987129 	 9.709992 
91 	 3.752148 	 3.752148 	 5.957853 	 9.710001 
92 	 3.776743 	 3.776743 	 5.933266 	 9.710008 
93 	 3.796625 	 3.796625 	 5.913389 	 9.710014 
94 	 3.811795 	 3.811795 	 5.898226 	 9.710021 
95 	 3.822286 	 3.822286 	 5.887742 	 9.710028 
96 	 3.828176 	 3.828176 	 5.881862 	 9.710038 
97 	 3.829598 	 3.829598 	 5.880453 	 9.710050 
98 	 3.826744 	 3.826744 	 5.883322 	 9.710066 
99 	 3.819868 	 3.819868 	 5.890216 	 9.710084 
100 	 3.809283 	 3.809283 	 5.900822 	 9.710105 
101 	 3.795358 	 3.795358 	 5.914772 	 9.710129 
102 	 3.778511 	 3.778511 	 5.931645 	 9.710156 
103 	 3.759214 	 3.759214 	 5.950971 	 9.710186 
104 	 3.737989 	 3.737989 	 5.972230 	 9.710219 
105 	 3.715407 	 3.715407 	 5.994848 	 9.710255 
106 	 3.692088 	 3.692088 	 6.018206 	 9.710293 
107 	 3.668684 	 3.668684 	 6.041649 	 9.710332 
108 	 3.645853 	 3.645853 	 6.064517 	 9.710370 
109 	 3.624218 	 3.624218 	 6.086184 	 9.710402 
110 	 3.604315 	 3.604315 	 6.106109 	 9.710425 
111 	 3.586544 	 3.586544 	 6.123892 	 9.710436 
112 	 3.571123 	 3.571123 	 6.139312 	 9.710435 
113 	 3.558075 	 3.558075 	 6.152345 	 9.710421 
114 	 3.547236 	 3.547236 	 6.163161 	 9.710397 
115 	 3.538295 	 3.538295 	 6.172074 	 9.710369 
116 	 3.530859 	 3.530859 	 6.179481 	 9.710340 
117 	 3.524531 	 3.524531 	 6.185786 	 9.710317 
118 	 3.518991 	 3.518991 	 6.191313 	 9.710304 
119 	 3.514054 	 3.514054 	 6.196249 	 9.710303 
120 	 3.509715 	 3.509715 	 6.200600 	 9.710315 
121 	 3.506164 	 3.506164 	 6.204176 	 9.710340 
122 	 3.503760 	 3.503760 	 6.206612 	 9.710373 
123 	 3.502994 	 3.502994 	 6.207417 	 9.710410 
124 	 3.504413 	 3.504413 	 6.206035 	 9.710447 
125 	 3.508550 	 3.508550 	 6.201928 	 9.710478 
126 	 3.515840 	 3.515840 	 6.194657 	 9.710497 
127 	 3.526552 	 3.526552 	 6.183950 	 9.710502 
128 	 3.540737 	 3.540737 	 6.169754 	 9.710491 
129 	 3.558203 	 3.558203 	 6.152261 	 9.710464 
130 	 3.578510 	 3.578510 	 6.131912 	 9.710422 
131 	 3.600996 	 3.600996 	 6.109372 	 9.710369 
132 	 3.624816 	 3.624816 	 6.085490 	 9.710306 
133 	 3.648993 	 3.648993 	 6.061246 	 9.710239 
134 	 3.672474 	 3.672474 	 6.037697 	 9.710170 
135 	 3.694180 	 3.694180 	 6.015922 	 9.710102 
136 	 3.713059 	 3.713059 	 5.996979 	 9.710038 
137 	 3.728117 	 3.728117 	 5.981862 	 9.709979 
138 	 3.738456 	 3.738456 	 5.971470 	 9.709926 
139 	 3.743295 	 3.743295 	 5.966586 	 9.709882 
140 	 3.742000 	 3.742000 	 5.967847 	 9.709847 
141 	 3.734105 	 3.734105 	 5.975719 	 9.709824 
142 	 3.719347 	 3.719347 	 5.990468 	 9.709814 
143 	 3.697697 	 3.697697 	 6.012124 	 9.709822 
144 	 3.669400 	 3.669400 	 6.040447 	 9.709847 
145 	 3.635000 	 3.635000 	 6.074893 	 9.709894 
146 	 3.595362 	 3.595362 	 6.114598 	 9.709960 
147 	 3.551666 	 3.551666 	 6.158380 	 9.710046 
148 	 3.505374 	 3.505374 	 6.204772 	 9.710146 
149 	 3.458160 	 3.458160 	 6.252094 	 9.710254 
150 	 3.411815 	 3.411815 	 6.298548 	 9.710363 
151 	 3.368117 	 3.368117 	 6.342346 	 9.710463 
152 	 3.328707 	 3.328707 	 6.381840 	 9.710547 
153 	 3.294966 	 3.294966 	 6.415643 	 9.710609 
154 	 3.267920 	 3.267920 	 6.442725 	 9.710645 
155 	 3.248191 	 3.248191 	 6.462464 	 9.710654 
156 	 3.235978 	 3.235978 	 6.474661 	 9.710639 
157 	 3.231094 	 3.231094 	 6.479510 	 9.710604 
158 	 3.233014 	 3.233014 	 6.477538 	 9.710553 
159 	 3.240960 	 3.240960 	 6.469531 	 9.710491 
160 	 3.253982 	 3.253982 	 6.456444 	 9.710426 
161 	 3.271046 	 3.271046 	 6.439315 	 9.710361 
162 	 3.291118 	 3.291118 	 6.419183 	 9.710301 
163 	 3.313242 	 3.313242 	 6.397010 	 9.710252 
164 	 3.336600 	 3.336600 	 6.373615 	 9.710215 
165 	 3.360568 	 3.360568 	 6.349626 	 9.710194 
166 	 3.384743 	 3.384743 	 6.325445 	 9.710187 
167 	 3.408958 	 3.408958 	 6.301238 	 9.710196 
168 	 3.433268 	 3.433268 	 6.276949 	 9.710217 
169 	 3.457911 	 3.457911 	 6.252335 	 9.710246 
170 	 3.483259 	 3.483259 	 6.227020 	 9.710279 
171 	 3.509738 	 3.509738 	 6.200573 	 9.710310 
172 	 3.537756 	 3.537756 	 6.172580 	 9.710335 
173 	 3.567623 	 3.567623 	 6.142726 	 9.710349 
174 	 3.599483 	 3.599483 	 6.110865 	 9.710348 
175 	 3.633264 	 3.633264 	 6.077067 	 9.710331 
176 	 3.668648 	 3.668648 	 6.041649 	 9.710297 
177 	 3.705080 	 3.705080 	 6.005169 	 9.710249 
178 	 3.741791 	 3.741791 	 5.968400 	 9.710191 
179 	 3.777853 	 3.777853 	 5.932273 	 9.710125 
180 	 3.812244 	 3.812244 	 5.897815 	 9.710059 
181 	 3.843919 	 3.843919 	 5.866075 	 9.709994 
182 	 3.871869 	 3.871869 	 5.838065 	 9.709935 
183 	 3.895175 	 3.895175 	 5.814707 	 9.709883 
184 	 3.913038 	 3.913038 	 5.796801 	 9.709839 
185 	 3.924803 	 3.924803 	 5.785002 	 9.709805 
186 	 3.929973 	 3.929973 	 5.779808 	 9.709781 
187 	 3.928228 	 3.928228 	 5.781541 	 9.709769 
188 	 3.919450 	 3.919450 	 5.790320 	 9.709770 
189 	 3.903752 	 3.903752 	 5.806036 	 9.709788 
190 	 3.881516 	 3.881516 	 5.828308 	 9.709825 
191 	 3.853416 	 3.853416 	 5.856464 	 9.709881 
192 	 3.820436 	 3.820436 	 5.889520 	 9.709956 
193 	 3.783845 	 3.783845 	 5.926202 	 9.710046 
194 	 3.745151 	 3.745151 	 5.964996 	 9.710147 
195 	 3.706013 	 3.706013 	 6.004238 	 9.710251 
196 	 3.668126 	 3.668126 	 6.042224 	 9.710350 
197 	 3.633100 	 3.633100 	 6.077336 	 9.710436 
198 	 3.602345 	 3.602345 	 6.108160 	 9.710504 
199 	 3.576979 	 3.576979 	 6.133572 	 9.710551 
200 	 3.557783 	 3.557783 	 6.152792 	 9.710576 
201 	 3.545186 	 3.545186 	 6.165394 	 9.710580 
202 	 3.539284 	 3.539284 	 6.171283 	 9.710567 
203 	 3.539876 	 3.539876 	 6.170663 	 9.710538 
204 	 3.546495 	 3.546495 	 6.164002 	 9.710496 
205 	 3.558446 	 3.558446 	 6.151997 	 9.710442 
206 	 3.574825 	 3.574825 	 6.135552 	 9.710377 
207 	 3.594548 	 3.594548 	 6.115754 	 9.710302 
208 	 3.616389 	 3.616389 	 6.093832 	 9.710221 
209 	 3.639024 	 3.639024 	 6.071113 	 9.710137 
210 	 3.661100 	 3.661100 	 6.048954 	 9.710054 
211 	 3.681306 	 3.681306 	 6.028672 	 9.709978 
212 	 3.698456 	 3.698456 	 6.011457 	 9.709913 
213 	 3.711566 	 3.711566 	 5.998298 	 9.709864 
214 	 3.719945 	 3.719945 	 5.989893 	 9.709837 
215 	 3.723274 	 3.723274 	 5.986564 	 9.709838 
216 	 3.721698 	 3.721698 	 5.988174 	 9.709873 
217 	 3.715900 	 3.715900 	 5.994045 	 9.709945 
218 	 3.707143 	 3.707143 	 6.002911 	 9.710054 
219 	 3.697252 	 3.697252 	 6.012942 	 9.710194 
220 	 3.688488 	 3.688488 	 6.021861 	 9.710348 
221 	 3.683296 	 3.683296 	 6.027199 	 9.710494 
222 	 3.683948 	 3.683948 	 6.026657 	 9.710604 
223 	 3.692144 	 3.692144 	 6.018512 	 9.710656 
224 	 3.708678 	 3.708678 	 6.001960 	 9.710638 
225 	 3.733279 	 3.733279 	 5.977276 	 9.710555 
226 	 3.764682 	 3.764682 	 5.945746 	 9.710428 
227 	 3.800900 	 3.800900 	 5.909381 	 9.710282 
228 	 3.839613 	 3.839613 	 5.870529 	 9.710142 
229 	 3.878547 	 3.878547 	 5.831482 	 9.710029 
230 	 3.915754 	 3.915754 	 5.794196 	 9.709950 
231 	 3.949767 	 3.949767 	 5.760138 	 9.709905 
232 	 3.979617 	 3.979617 	 5.730272 	 9.709889 
233 	 4.004776 	 4.004776 	 5.705118 	 9.709894 
234 	 4.025047 	 4.025047 	 5.684864 	 9.709911 
235 	 4.040458 	 4.040458 	 5.669477 	 9.709936 
236 	 4.051167 	 4.051167 	 5.658794 	 9.709962 
237 	 4.057395 	 4.057395 	 5.652593 	 9.709987 
238 	 4.059384 	 4.059384 	 5.650627 	 9.710011 
239 	 4.057384 	 4.057384 	 5.652650 	 9.710034 
240 	 4.051648 	 4.051648 	 5.658407 	 9.710056 
241 	 4.042440 	 4.042440 	 5.667637 	 9.710078 
242 	 4.030042 	 4.030042 	 5.680058 	 9.710100 
243 	 4.014762 	 4.014762 	 5.695361 	 9.710123 
244 	 3.996935 	 3.996935 	 5.713212 	 9.710147 
245 	 3.976913 	 3.976913 	 5.733257 	 9.710170 
246 	 3.955059 	 3.955059 	 5.755132 	 9.710191 
247 	 3.931726 	 3.931726 	 5.778484 	 9.710210 
248 	 3.907243 	 3.907243 	 5.802982 	 9.710225 
249 	 3.881902 	 3.881902 	 5.828334 	 9.710236 
250 	 3.855953 	 3.855953 	 5.854290 	 9.710243 
251 	 3.829610 	 3.829610 	 5.880638 	 9.710247 
252 	 3.803067 	 3.803067 	 5.907184 	 9.710251 
253 	 3.776534 	 3.776534 	 5.933725 	 9.710258 
254 	 3.750278 	 3.750278 	 5.959994 	 9.710272 
255 	 3.724684 	 3.724684 	 5.985613 	 9.710297 
256 	 3.700311 	 3.700311 	 6.010027 	 9.710337 
257 	 3.677937 	 3.677937 	 6.032458 	 9.710395 
258 	 3.658586 	 3.658586 	 6.051883 	 9.710468 
259 	 3.643498 	 3.643498 	 6.067055 	 9.710553 
260 	 3.634047 	 3.634047 	 6.076593 	 9.710640 
261 	 3.631587 	 3.631587 	 6.079127 	 9.710715 
262 	 3.637249 	 3.637249 	 6.073514 	 9.710763 
263 	 3.651722 	 3.651722 	 6.059049 	 9.710771 
264 	 3.675080 	 3.675080 	 6.035654 	 9.710734 
265 	 3.706680 	 3.706680 	 6.003973 	 9.710653 
266 	 3.745192 	 3.745192 	 5.965344 	 9.710536 
267 	 3.788732 	 3.788732 	 5.921667 	 9.710399 
268 	 3.835082 	 3.835082 	 5.875175 	 9.710258 
269 	 3.881935 	 3.881935 	 5.828192 	 9.710127 
270 	 3.927117 	 3.927117 	 5.782901 	 9.710018 
271 	 3.968763 	 3.968763 	 5.741173 	 9.709936 
272 	 4.005420 	 4.005420 	 5.704463 	 9.709884 
273 	 4.036083 	 4.036083 	 5.673776 	 9.709859 
274 	 4.060181 	 4.060181 	 5.649677 	 9.709858 
275 	 4.077531 	 4.077531 	 5.632346 	 9.709876 
276 	 4.088260 	 4.088260 	 5.621648 	 9.709908 
277 	 4.092728 	 4.092728 	 5.617218 	 9.709947 
278 	 4.091450 	 4.091450 	 5.618539 	 9.709989 
279 	 4.085017 	 4.085017 	 5.625013 	 9.710030 
280 	 4.074044 	 4.074044 	 5.636024 	 9.710068 
281 	 4.059125 	 4.059125 	 5.650976 	 9.710101 
282 	 4.040813 	 4.040813 	 5.669317 	 9.710130 
283 	 4.019614 	 4.019614 	 5.690541 	 9.710156 
284 	 3.996004 	 3.996004 	 5.714176 	 9.710180 
285 	 3.970452 	 3.970452 	 5.739753 	 9.710205 
286 	 3.943447 	 3.943447 	 5.766786 	 9.710233 
287 	 3.915525 	 3.915525 	 5.794740 	 9.710264 
288 	 3.887273 	 3.887273 	 5.823027 	 9.710299 
289 	 3.859327 	 3.859327 	 5.851009 	 9.710336 
290 	 3.832342 	 3.832342 	 5.878029 	 9.710371 
291 	 3.806952 	 3.806952 	 5.903451 	 9.710402 
292 	 3.783712 	 3.783712 	 5.926713 	 9.710425 
293 	 3.763053 	 3.763053 	 5.947384 	 9.710437 
294 	 3.745230 	 3.745230 	 5.965206 	 9.710435 
295 	 3.730303 	 3.730303 	 5.980118 	 9.710421 
296 	 3.718136 	 3.718136 	 5.992260 	 9.710396 
297 	 3.708414 	 3.708414 	 6.001948 	 9.710362 
298 	 3.700698 	 3.700698 	 6.009626 	 9.710324 
299 	 3.694476 	 3.694476 	 6.015811 	 9.710287 
300 	 3.689237 	 3.689237 	 6.021017 	 9.710254 
301 	 3.684533 	 3.684533 	 6.025697 	 9.710230 
302 	 3.680034 	 3.680034 	 6.030182 	 9.710216 
303 	 3.675563 	 3.675563 	 6.034651 	 9.710214 
304 	 3.671117 	 3.671117 	 6.039107 	 9.710224 
305 	 3.666858 	 3.666858 	 6.043387 	 9.710245 
306 	 3.663095 	 3.663095 	 6.047178 	 9.710273 
307 	 3.660251 	 3.660251 	 6.050055 	 9.710306 
308 	 3.658823 	 3.658823 	 6.051520 	 9.710342 
309 	 3.659347 	 3.659347 	 6.051033 	 9.710380 
310 	 3.662361 	 3.662361 	 6.048054 	 9.710416 
311 	 3.668380 	 3.668380 	 6.042069 	 9.710449 
312 	 3.677866 	 3.677866 	 6.032612 	 9.710479 
313 	 3.691207 	 3.691207 	 6.019295 	 9.710503 
314 	 3.708688 	 3.708688 	 6.001830 	 9.710519 
315 	 3.730465 	 3.730465 	 5.980060 	 9.710526 
316 	 3.756544 	 3.756544 	 5.953979 	 9.710523 
317 	 3.786764 	 3.786764 	 5.923745 	 9.710509 
318 	 3.820798 	 3.820798 	 5.889688 	 9.710486 
319 	 3.858169 	 3.858169 	 5.852287 	 9.710456 
320 	 3.898283 	 3.898283 	 5.812138 	 9.710421 
321 	 3.940471 	 3.940471 	 5.769913 	 9.710385 
322 	 3.984042 	 3.984042 	 5.726308 	 9.710350 
323 	 4.028329 	 4.028329 	 5.681991 	 9.710321 
324 	 4.072737 	 4.072737 	 5.637561 	 9.710298 
325 	 4.116767 	 4.116767 	 5.593515 	 9.710282 
326 	 4.160041 	 4.160041 	 5.550233 	 9.710275 
327 	 4.202302 	 4.202302 	 5.507973 	 9.710275 
328 	 4.243404 	 4.243404 	 5.466876 	 9.710280 
329 	 4.283301 	 4.283301 	 5.426988 	 9.710290 
330 	 4.322020 	 4.322020 	 5.388282 	 9.710302 
331 	 4.359630 	 4.359630 	 5.350684 	 9.710314 
332 	 4.396219 	 4.396219 	 5.314106 	 9.710325 
333 	 4.431860 	 4.431860 	 5.278473 	 9.710333 
334 	 4.466588 	 4.466588 	 5.243748 	 9.710336 
335 	 4.500373 	 4.500373 	 5.209959 	 9.710333 
336 	 4.533105 	 4.533105 	 5.177217 	 9.710322 
337 	 4.564575 	 4.564575 	 5.145729 	 9.710304 
338 	 4.594466 	 4.594466 	 5.115812 	 9.710278 
339 	 4.622347 	 4.622347 	 5.087897 	 9.710244 
340 	 4.647677 	 4.647677 	 5.062525 	 9.710202 
341 	 4.669812 	 4.669812 	 5.040342 	 9.710153 
342 	 4.688021 	 4.688021 	 5.022079 	 9.710100 
343 	 4.701516 	 4.701516 	 5.008527 	 9.710043 
344 	 4.709482 	 4.709482 	 5.000505 	 9.709987 
345 	 4.711124 	 4.711124 	 4.998809 	 9.709934 
346 	 4.705712 	 4.705712 	 5.004174 	 9.709887 
347 	 4.692632 	 4.692632 	 5.017217 	 9.709849 
348 	 4.671433 	 4.671433 	 5.038390 	 9.709823 
349 	 4.641874 	 4.641874 	 5.067939 	 9.709813 
350 	 4.603948 	 4.603948 	 5.105870 	 9.709818 
351 	 4.557913 	 4.557913 	 5.151927 	 9.709839 
352 	 4.504289 	 4.504289 	 5.205588 	 9.709877 
353 	 4.443855 	 4.443855 	 5.266074 	 9.709930 
354 	 4.377627 	 4.377627 	 5.332368 	 9.709995 
355 	 4.306824 	 4.306824 	 5.403246 	 9.710071 
356 	 4.232826 	 4.232826 	 5.477328 	 9.710154 
357 	 4.157121 	 4.157121 	 5.553119 	 9.710240 
358 	 4.081250 	 4.081250 	 5.629075 	 9.710325 
359 	 4.006733 	 4.006733 	 5.703671 	 9.710405 
360 	 3.934999 	 3.934999 	 5.775473 	 9.710473 
361 	 3.867301 	 3.867301 	 5.843223 	 9.710525 
362 	 3.804641 	 3.804641 	 5.905915 	 9.710556 
363 	 3.747702 	 3.747702 	 5.962861 	 9.710563 
364 	 3.696817 	 3.696817 	 6.013730 	 9.710547 
365 	 3.651964 	 3.651964 	 6.058546 	 9.710510 
366 	 3.612813 	 3.612813 	 6.097646 	 9.710458 
367 	 3.578817 	 3.578817 	 6.131584 	 9.710401 
368 	 3.549341 	 3.549341 	 6.161008 	 9.710349 
369 	 3.523805 	 3.523805 	 6.186506 	 9.710311 
370 	 3.501822 	 3.501822 	 6.208472 	 9.710294 
371 	 3.483307 	 3.483307 	 6.226996 	 9.710303 
372 	 3.468507 	 3.468507 	 6.241827 	 9.710334 
373 	 3.457959 	 3.457959 	 6.252419 	 9.710378 
374 	 3.452355 	 3.452355 	 6.258067 	 9.710422 
375 	 3.452341 	 3.452341 	 6.258109 	 9.710450 
376 	 3.458299 	 3.458299 	 6.252151 	 9.710450 
377 	 3.470163 	 3.470163 	 6.240252 	 9.710415 
378 	 3.487326 	 3.487326 	 6.223021 	 9.710347 
379 	 3.508665 	 3.508665 	 6.201589 	 9.710254 
380 	 3.532671 	 3.532671 	 6.177479 	 9.710150 
381 	 3.557656 	 3.557656 	 6.152394 	 9.710051 
382 	 3.581976 	 3.581976 	 6.127992 	 9.709968 
383 	 3.604226 	 3.604226 	 6.105686 	 9.709912 
384 	 3.623379 	 3.623379 	 6.086507 	 9.709886 
385 	 3.638852 	 3.638852 	 6.071037 	 9.709889 
386 	 3.650505 	 3.650505 	 6.059413 	 9.709918 
387 	 3.658585 	 3.658585 	 6.051379 	 9.709965 
388 	 3.663636 	 3.663636 	 6.046387 	 9.710023 
389 	 3.666377 	 3.666377 	 6.043707 	 9.710084 
390 	 3.667590 	 3.667590 	 6.042550 	 9.710140 
391 	 3.668007 	 3.668007 	 6.042179 	 9.710186 
392 	 3.668219 	 3.668219 	 6.041998 	 9.710217 
393 	 3.668619 	 3.668619 	 6.041612 	 9.710232 
394 	 3.669373 	 3.669373 	 6.040857 	 9.710230 
395 	 3.670418 	 3.670418 	 6.039796 	 9.710214 
396 	 3.671497 	 3.671497 	 6.038691 	 9.710188 
397 	 3.672203 	 3.672203 	 6.037951 	 9.710155 
398 	 3.672039 	 3.672039 	 6.038079 	 9.710119 
399 	 3.670480 	 3.670480 	 6.039604 	 9.710084 
400 	 3.667030 	 3.667030 	 6.043023 	 9.710054 
401 	 3.661275 	 3.661275 	 6.048756 	 9.710031 
402 	 3.652914 	 3.652914 	 6.057103 	 9.710017 
403 	 3.641792 	 3.641792 	 6.068221 	 9.710013 
404 	 3.627916 	 3.627916 	 6.082104 	 9.710020 
405 	 3.611465 	 3.611465 	 6.098574 	 9.710038 
406 	 3.592790 	 3.592790 	 6.117277 	 9.710068 
407 	 3.572421 	 3.572421 	 6.137687 	 9.710108 
408 	 3.551049 	 3.551049 	 6.159109 	 9.710158 
409 	 3.529510 	 3.529510 	 6.180705 	 9.710215 
410 	 3.508754 	 3.508754 	 6.201523 	 9.710277 
411 	 3.489796 	 3.489796 	 6.220545 	 9.710341 
412 	 3.473656 	 3.473656 	 6.236744 	 9.710401 
413 	 3.461305 	 3.461305 	 6.249148 	 9.710454 
414 	 3.453596 	 3.453596 	 6.256900 	 9.710496 
415 	 3.451221 	 3.451221 	 6.259306 	 9.710527 
416 	 3.454675 	 3.454675 	 6.255869 	 9.710544 
417 	 3.464254 	 3.464254 	 6.246295 	 9.710550 
418 	 3.480056 	 3.480056 	 6.230489 	 9.710545 
419 	 3.502005 	 3.502005 	 6.208526 	 9.710531 
420 	 3.529876 	 3.529876 	 6.180634 	 9.710510 
421 	 3.563309 	 3.563309 	 6.147173 	 9.710481 
422 	 3.601818 	 3.601818 	 6.108627 	 9.710446 
423 	 3.644787 	 3.644787 	 6.065614 	 9.710401 
424 	 3.691456 	 3.691456 	 6.018891 	 9.710347 
425 	 3.740906 	 3.740906 	 5.969377 	 9.710283 
426 	 3.792063 	 3.792063 	 5.918146 	 9.710209 
427 	 3.843708 	 3.843708 	 5.866420 	 9.710128 
428 	 3.894515 	 3.894515 	 5.815527 	 9.710043 
429 	 3.943111 	 3.943111 	 5.766847 	 9.709959 
430 	 3.988142 	 3.988142 	 5.721738 	 9.709880 
431 	 4.028353 	 4.028353 	 5.681460 	 9.709813 
432 	 4.062664 	 4.062664 	 5.647096 	 9.709760 
433 	 4.090236 	 4.090236 	 5.619490 	 9.709726 
434 	 4.110524 	 4.110524 	 5.599188 	 9.709712 
435 	 4.123315 	 4.123315 	 5.586406 	 9.709720 
436 	 4.128738 	 4.128738 	 5.581011 	 9.709749 
437 	 4.127264 	 4.127264 	 5.582533 	 9.709798 
438 	 4.119668 	 4.119668 	 5.590193 	 9.709862 
439 	 4.106979 	 4.106979 	 5.602957 	 9.709936 
440 	 4.090401 	 4.090401 	 5.619614 	 9.710015 
441 	 4.071223 	 4.071223 	 5.638869 	 9.710093 
442 	 4.050719 	 4.050719 	 5.659443 	 9.710162 
443 	 4.030051 	 4.030051 	 5.680167 	 9.710218 
444 	 4.010194 	 4.010194 	 5.700063 	 9.710257 
445 	 3.991877 	 3.991877 	 5.718402 	 9.710278 
446 	 3.975562 	 3.975562 	 5.734720 	 9.710282 
447 	 3.961458 	 3.961458 	 5.748814 	 9.710272 
448 	 3.949565 	 3.949565 	 5.760688 	 9.710253 
449 	 3.939739 	 3.939739 	 5.770492 	 9.710231 
450 	 3.931780 	 3.931780 	 5.778432 	 9.710212 
451 	 3.925513 	 3.925513 	 5.784688 	 9.710201 
452 	 3.920869 	 3.920869 	 5.789333 	 9.710202 
453 	 3.917926 	 3.917926 	 5.792290 	 9.710216 
454 	 3.916925 	 3.916925 	 5.793315 	 9.710240 
455 	 3.918236 	 3.918236 	 5.792034 	 9.710270 
456 	 3.922274 	 3.922274 	 5.788023 	 9.710298 
457 	 3.929391 	 3.929391 	 5.780922 	 9.710313 
458 	 3.939745 	 3.939745 	 5.770566 	 9.710310 
459 	 3.953190 	 3.953190 	 5.757093 	 9.710283 
460 	 3.969212 	 3.969212 	 5.741020 	 9.710232 
461 	 3.986926 	 3.986926 	 5.723234 	 9.710160 
462 	 4.005147 	 4.005147 	 5.704931 	 9.710078 
463 	 4.022512 	 4.022512 	 5.687482 	 9.709994 
464 	 4.037642 	 4.037642 	 5.672278 	 9.709920 
465 	 4.049296 	 4.049296 	 5.660568 	 9.709864 
466 	 4.056502 	 4.056502 	 5.653330 	 9.709832 
467 	 4.058634 	 4.058634 	 5.651190 	 9.709825 
468 	 4.055446 	 4.055446 	 5.654393 	 9.709840 
469 	 4.047042 	 4.047042 	 5.662832 	 9.709873 
470 	 4.033808 	 4.033808 	 5.676110 	 9.709918 
471 	 4.016325 	 4.016325 	 5.693642 	 9.709968 
472 	 3.995269 	 3.995269 	 5.714747 	 9.710016 
473 	 3.971319 	 3.971319 	 5.738740 	 9.710059 
474 	 3.945096 	 3.945096 	 5.764999 	 9.710095 
475 	 3.917127 	 3.917127 	 5.792996 	 9.710123 
476 	 3.887847 	 3.887847 	 5.822299 	 9.710146 
477 	 3.857622 	 3.857622 	 5.852545 	 9.710167 
478 	 3.826786 	 3.826786 	 5.883402 	 9.710188 
479 	 3.795691 	 3.795691 	 5.914521 	 9.710212 
480 	 3.764738 	 3.764738 	 5.945503 	 9.710241 
481 	 3.734404 	 3.734404 	 5.975871 	 9.710276 
482 	 3.705248 	 3.705248 	 6.005067 	 9.710315 
483 	 3.677903 	 3.677903 	 6.032456 	 9.710359 
484 	 3.653058 	 3.653058 	 6.057347 	 9.710404 
485 	 3.631427 	 3.631427 	 6.079022 	 9.710449 
486 	 3.613720 	 3.613720 	 6.096773 	 9.710492 
487 	 3.600603 	 3.600603 	 6.109927 	 9.710530 
488 	 3.592671 	 3.592671 	 6.117891 	 9.710562 
489 	 3.590413 	 3.590413 	 6.120173 	 9.710586 
490 	 3.594191 	 3.594191 	 6.116410 	 9.710601 
491 	 3.604219 	 3.604219 	 6.106386 	 9.710606 
492 	 3.620554 	 3.620554 	 6.090047 	 9.710601 
493 	 3.643082 	 3.643082 	 6.067503 	 9.710585 
494 	 3.671521 	 3.671521 	 6.039037 	 9.710559 
495 	 3.705410 	 3.705410 	 6.005111 	 9.710521 
496 	 3.744100 	 3.744100 	 5.966370 	 9.710471 
497 	 3.786750 	 3.786750 	 5.923658 	 9.710408 
498 	 3.832307 	 3.832307 	 5.878023 	 9.710330 
499 	 3.879509 	 3.879509 	 5.830730 	 9.710239 
500 	 3.926886 	 3.926886 	 5.783249 	 9.710135 
501 	 3.972784 	 3.972784 	 5.737237 	 9.710021 
502 	 4.015408 	 4.015408 	 5.694492 	 9.709900 
503 	 4.052895 	 4.052895 	 5.656884 	 9.709779 
504 	 4.083394 	 4.083394 	 5.626270 	 9.709663 
505 	 4.105168 	 4.105168 	 5.604392 	 9.709560 
506 	 4.116710 	 4.116710 	 5.592767 	 9.709477 
507 	 4.116843 	 4.116843 	 5.592577 	 9.709420 
508 	 4.104839 	 4.104839 	 5.604557 	 9.709397 
509 	 4.080516 	 4.080516 	 5.628897 	 9.709413 
510 	 4.044326 	 4.044326 	 5.665148 	 9.709474 
511 	 3.997419 	 3.997419 	 5.712161 	 9.709580 
512 	 3.941658 	 3.941658 	 5.768072 	 9.709731 
513 	 3.879563 	 3.879563 	 5.830352 	 9.709915 
514 	 3.814155 	 3.814155 	 5.895962 	 9.710117 
515 	 3.748684 	 3.748684 	 5.961628 	 9.710312 
516 	 3.686272 	 3.686272 	 6.024202 	 9.710473 
517 	 3.629515 	 3.629515 	 6.081064 	 9.710579 
518 	 3.580140 	 3.580140 	 6.130474 	 9.710614 
519 	 3.538814 	 3.538814 	 6.171766 	 9.710580 
520 	 3.505153 	 3.505153 	 6.205338 	 9.710491 
521 	 3.477923 	 3.477923 	 6.232448 	 9.710371 
522 	 3.455376 	 3.455376 	 6.254867 	 9.710243 
523 	 3.435616 	 3.435616 	 6.274514 	 9.710131 
524 	 3.416931 	 3.416931 	 6.293117 	 9.710048 
525 	 3.398028 	 3.398028 	 6.311975 	 9.710004 
526 	 3.378185 	 3.378185 	 6.331817 	 9.710001 
527 	 3.357299 	 3.357299 	 6.352741 	 9.710040 
528 	 3.335880 	 3.335880 	 6.374234 	 9.710115 
529 	 3.314982 	 3.314982 	 6.395236 	 9.710217 
530 	 3.296079 	 3.296079 	 6.414259 	 9.710338 
531 	 3.280905 	 3.280905 	 6.429556 	 9.710462 
532 	 3.271246 	 3.271246 	 6.439329 	 9.710575 
533 	 3.268717 	 3.268717 	 6.441946 	 9.710663 
534 	 3.274555 	 3.274555 	 6.436160 	 9.710715 
535 	 3.289458 	 3.289458 	 6.421268 	 9.710725 
536 	 3.313499 	 3.313499 	 6.397196 	 9.710695 
537 	 3.346143 	 3.346143 	 6.364488 	 9.710631 
538 	 3.386349 	 3.386349 	 6.324197 	 9.710545 
539 	 3.432729 	 3.432729 	 6.277721 	 9.710450 
540 	 3.483750 	 3.483750 	 6.226607 	 9.710358 
541 	 3.537919 	 3.537919 	 6.172360 	 9.710279 
542 	 3.593936 	 3.593936 	 6.116286 	 9.710222 
543 	 3.650794 	 3.650794 	 6.059393 	 9.710187 
544 	 3.707831 	 3.707831 	 6.002343 	 9.710174 
545 	 3.764706 	 3.764706 	 5.945472 	 9.710179 
546 	 3.821335 	 3.821335 	 5.888858 	 9.710193 
547 	 3.877774 	 3.877774 	 5.832433 	 9.710207 
548 	 3.934081 	 3.934081 	 5.776131 	 9.710212 
549 	 3.990175 	 3.990175 	 5.720025 	 9.710200 
550 	 4.045716 	 4.045716 	 5.664449 	 9.710165 
551 	 4.100044 	 4.100044 	 5.610064 	 9.710108 
552 	 4.152177 	 4.152177 	 5.557856 	 9.710034 
553 	 4.200875 	 4.200875 	 5.509075 	 9.709949 
554 	 4.244754 	 4.244754 	 5.465111 	 9.709865 
555 	 4.282428 	 4.282428 	 5.427360 	 9.709788 
556 	 4.312641 	 4.312641 	 5.397086 	 9.709727 
557 	 4.334378 	 4.334378 	 5.375308 	 9.709686 
558 	 4.346944 	 4.346944 	 5.362724 	 9.709668 
559 	 4.349997 	 4.349997 	 5.359675 	 9.709672 
560 	 4.343556 	 4.343556 	 5.366141 	 9.709697 
561 	 4.327986 	 4.327986 	 5.381755 	 9.709741 
562 	 4.303964 	 4.303964 	 5.405838 	 9.709801 
563 	 4.272437 	 4.272437 	 5.437438 	 9.709875 
564 	 4.234584 	 4.234584 	 5.475374 	 9.709959 
565 	 4.191771 	 4.191771 	 5.518280 	 9.710051 
566 	 4.145504 	 4.145504 	 5.564645 	 9.710149 
567 	 4.097388 	 4.097388 	 5.612861 	 9.710249 
568 	 4.049082 	 4.049082 	 5.661267 	 9.710349 
569 	 4.002242 	 4.002242 	 5.708204 	 9.710446 
570 	 3.958473 	 3.958473 	 5.752062 	 9.710536 
571 	 3.919264 	 3.919264 	 5.791350 	 9.710614 
572 	 3.885925 	 3.885925 	 5.824752 	 9.710677 
573 	 3.859518 	 3.859518 	 5.851203 	 9.710721 
574 	 3.840788 	 3.840788 	 5.869953 	 9.710741 
575 	 3.830108 	 3.830108 	 5.880627 	 9.710735 
576 	 3.827429 	 3.827429 	 5.883271 	 9.710700 
577 	 3.832260 	 3.832260 	 5.878377 	 9.710637 
578 	 3.843674 	 3.843674 	 5.866875 	 9.710549 
579 	 3.860348 	 3.860348 	 5.850093 	 9.710440 
580 	 3.880638 	 3.880638 	 5.829680 	 9.710318 
581 	 3.902689 	 3.902689 	 5.807501 	 9.710190 
582 	 3.924553 	 3.924553 	 5.785512 	 9.710065 
583 	 3.944338 	 3.944338 	 5.765614 	 9.709952 
584 	 3.960337 	 3.960337 	 5.749522 	 9.709859 
585 	 3.971158 	 3.971158 	 5.738636 	 9.709794 
586 	 3.975823 	 3.975823 	 5.733937 	 9.709760 
587 	 3.973840 	 3.973840 	 5.735919 	 9.709759 
588 	 3.965236 	 3.965236 	 5.744556 	 9.709792 
589 	 3.950547 	 3.950547 	 5.759308 	 9.709854 
590 	 3.930765 	 3.930765 	 5.779176 	 9.709940 
591 	 3.907242 	 3.907242 	 5.802799 	 9.710041 
592 	 3.881555 	 3.881555 	 5.828592 	 9.710147 
593 	 3.855347 	 3.855347 	 5.854898 	 9.710245 
594 	 3.830157 	 3.830157 	 5.880170 	 9.710327 
595 	 3.807269 	 3.807269 	 5.903116 	 9.710384 
596 	 3.787582 	 3.787582 	 5.922830 	 9.710412 
597 	 3.771551 	 3.771551 	 5.938859 	 9.710410 
598 	 3.759169 	 3.759169 	 5.951212 	 9.710382 
599 	 3.750022 	 3.750022 	 5.960311 	 9.710333 
600 	 3.743381 	 3.743381 	 5.966892 	 9.710273 
601 	 3.738326 	 3.738326 	 5.971883 	 9.710210 
602 	 3.733872 	 3.733872 	 5.976278 	 9.710150 
603 	 3.729085 	 3.729085 	 5.981015 	 9.710100 
604 	 3.723170 	 3.723170 	 5.986894 	 9.710064 
605 	 3.715532 	 3.715532 	 5.994511 	 9.710043 
606 	 3.705813 	 3.705813 	 6.004224 	 9.710037 
607 	 3.693910 	 3.693910 	 6.016138 	 9.710049 
608 	 3.679979 	 3.679979 	 6.030097 	 9.710076 
609 	 3.664436 	 3.664436 	 6.045684 	 9.710120 
610 	 3.647947 	 3.647947 	 6.062231 	 9.710178 
611 	 3.631414 	 3.631414 	 6.078835 	 9.710249 
612 	 3.615919 	 3.615919 	 6.094409 	 9.710328 
613 	 3.602652 	 3.602652 	 6.107755 	 9.710407 
614 	 3.592780 	 3.592780 	 6.117695 	 9.710475 
615 	 3.587297 	 3.587297 	 6.123225 	 9.710522 
616 	 3.586853 	 3.586853 	 6.123686 	 9.710538 
617 	 3.591616 	 3.591616 	 6.118902 	 9.710518 
618 	 3.601199 	 3.601199 	 6.109263 	 9.710462 
619 	 3.614662 	 3.614662 	 6.095714 	 9.710377 
620 	 3.630616 	 3.630616 	 6.079657 	 9.710273 
621 	 3.647375 	 3.647375 	 6.062788 	 9.710163 
622 	 3.663153 	 3.663153 	 6.046906 	 9.710059 
623 	 3.676238 	 3.676238 	 6.033733 	 9.709971 
624 	 3.685142 	 3.685142 	 6.024762 	 9.709904 
625 	 3.688704 	 3.688704 	 6.021156 	 9.709861 
626 	 3.686146 	 3.686146 	 6.023698 	 9.709844 
627 	 3.677092 	 3.677092 	 6.032760 	 9.709851 
628 	 3.661566 	 3.661566 	 6.048317 	 9.709882 
629 	 3.639968 	 3.639968 	 6.069967 	 9.709934 
630 	 3.613037 	 3.613037 	 6.096967 	 9.710004 
631 	 3.581810 	 3.581810 	 6.128279 	 9.710089 
632 	 3.547562 	 3.547562 	 6.162623 	 9.710185 
633 	 3.511753 	 3.511753 	 6.198534 	 9.710287 
634 	 3.475957 	 3.475957 	 6.234435 	 9.710393 
635 	 3.441795 	 3.441795 	 6.268701 	 9.710496 
636 	 3.410862 	 3.410862 	 6.299732 	 9.710594 
637 	 3.384656 	 3.384656 	 6.326025 	 9.710681 
638 	 3.364516 	 3.364516 	 6.346239 	 9.710754 
639 	 3.351559 	 3.351559 	 6.359252 	 9.710811 
640 	 3.346632 	 3.346632 	 6.364216 	 9.710847 
641 	 3.350275 	 3.350275 	 6.360588 	 9.710863 
642 	 3.362696 	 3.362696 	 6.348161 	 9.710857 
643 	 3.383762 	 3.383762 	 6.327069 	 9.710831 
644 	 3.413009 	 3.413009 	 6.297776 	 9.710784 
645 	 3.449665 	 3.449665 	 6.261056 	 9.710721 
646 	 3.492693 	 3.492693 	 6.217952 	 9.710645 
647 	 3.540839 	 3.540839 	 6.169720 	 9.710558 
648 	 3.592695 	 3.592695 	 6.117772 	 9.710467 
649 	 3.646766 	 3.646766 	 6.063608 	 9.710374 
650 	 3.701533 	 3.701533 	 6.008751 	 9.710284 
651 	 3.755519 	 3.755519 	 5.954681 	 9.710200 
652 	 3.807346 	 3.807346 	 5.902781 	 9.710126 
653 	 3.855787 	 3.855787 	 5.854278 	 9.710065 
654 	 3.899809 	 3.899809 	 5.810209 	 9.710018 
655 	 3.938604 	 3.938604 	 5.771383 	 9.709987 
656 	 3.971612 	 3.971612 	 5.738360 	 9.709972 
657 	 3.998533 	 3.998533 	 5.711441 	 9.709974 
658 	 4.019325 	 4.019325 	 5.690667 	 9.709992 
659 	 4.034194 	 4.034194 	 5.675830 	 9.710024 
660 	 4.043573 	 4.043573 	 5.666495 	 9.710068 
661 	 4.048087 	 4.048087 	 5.662034 	 9.710121 
662 	 4.048520 	 4.048520 	 5.661662 	 9.710182 
663 	 4.045765 	 4.045765 	 5.664482 	 9.710247 
664 	 4.040777 	 4.040777 	 5.669535 	 9.710312 
665 	 4.034524 	 4.034524 	 5.675850 	 9.710374 
666 	 4.027938 	 4.027938 	 5.682493 	 9.710431 
667 	 4.021870 	 4.021870 	 5.688610 	 9.710480 
668 	 4.017046 	 4.017046 	 5.693472 	 9.710519 
669 	 4.014040 	 4.014040 	 5.696506 	 9.710546 
670 	 4.013246 	 4.013246 	 5.697314 	 9.710560 
671 	 4.014869 	 4.014869 	 5.695693 	 9.710562 
672 	 4.018925 	 4.018925 	 5.691627 	 9.710552 
673 	 4.025251 	 4.025251 	 5.685281 	 9.710532 
674 	 4.033521 	 4.033521 	 5.676981 	 9.710502 
675 	 4.043280 	 4.043280 	 5.667186 	 9.710466 
676 	 4.053966 	 4.053966 	 5.656459 	 9.710425 
677 	 4.064948 	 4.064948 	 5.645432 	 9.710381 
678 	 4.075558 	 4.075558 	 5.634778 	 9.710335 
679 	 4.085112 	 4.085112 	 5.625178 	 9.710290 
680 	 4.092944 	 4.092944 	 5.617303 	 9.710246 
681 	 4.098418 	 4.098418 	 5.611787 	 9.710205 
682 	 4.100949 	 4.100949 	 5.609218 	 9.710167 
683 	 4.100014 	 4.100014 	 5.610118 	 9.710132 
684 	 4.095163 	 4.095163 	 5.614939 	 9.710102 
685 	 4.086029 	 4.086029 	 5.624047 	 9.710076 
686 	 4.072340 	 4.072340 	 5.637717 	 9.710057 
687 	 4.053926 	 4.053926 	 5.656117 	 9.710043 
688 	 4.030735 	 4.030735 	 5.679301 	 9.710037 
689 	 4.002841 	 4.002841 	 5.707197 	 9.710038 
690 	 3.970453 	 3.970453 	 5.739595 	 9.710048 
691 	 3.933922 	 3.933922 	 5.776144 	 9.710066 
692 	 3.893740 	 3.893740 	 5.816353 	 9.710093 
693 	 3.850532 	 3.850532 	 5.859595 	 9.710126 
694 	 3.805042 	 3.805042 	 5.905124 	 9.710167 
695 	 3.758115 	 3.758115 	 5.952097 	 9.710211 
696 	 3.710663 	 3.710663 	 5.999597 	 9.710259 
697 	 3.663645 	 3.663645 	 6.046664 	 9.710309 
698 	 3.618031 	 3.618031 	 6.092327 	 9.710357 
699 	 3.574771 	 3.574771 	 6.135633 	 9.710403 
700 	 3.534762 	 3.534762 	 6.175683 	 9.710445 
701 	 3.498809 	 3.498809 	 6.211670 	 9.710478 
702 	 3.467583 	 3.467583 	 6.242919 	 9.710502 
703 	 3.441581 	 3.441581 	 6.268931 	 9.710512 
704 	 3.421084 	 3.421084 	 6.289423 	 9.710507 
705 	 3.406127 	 3.406127 	 6.304359 	 9.710486 
706 	 3.396485 	 3.396485 	 6.313965 	 9.710450 
707 	 3.391687 	 3.391687 	 6.318714 	 9.710400 
708 	 3.391044 	 3.391044 	 6.319297 	 9.710341 
709 	 3.393715 	 3.393715 	 6.316562 	 9.710277 
710 	 3.398772 	 3.398772 	 6.311442 	 9.710214 
711 	 3.405286 	 3.405286 	 6.304870 	 9.710156 
712 	 3.412400 	 3.412400 	 6.297708 	 9.710108 
713 	 3.419398 	 3.419398 	 6.290675 	 9.710073 
714 	 3.425747 	 3.425747 	 6.284306 	 9.710052 
715 	 3.431126 	 3.431126 	 6.278920 	 9.710046 
716 	 3.435429 	 3.435429 	 6.274624 	 9.710053 
717 	 3.438749 	 3.438749 	 6.271321 	 9.710071 
718 	 3.441341 	 3.441341 	 6.268755 	 9.710096 
719 	 3.443581 	 3.443581 	 6.266545 	 9.710126 
720 	 3.445917 	 3.445917 	 6.264240 	 9.710157 
721 	 3.448830 	 3.448830 	 6.261358 	 9.710187 
722 	 3.452791 	 3.452791 	 6.257425 	 9.710216 
723 	 3.458247 	 3.458247 	 6.251995 	 9.710242 
724 	 3.465605 	 3.465605 	 6.244660 	 9.710265 
725 	 3.475245 	 3.475245 	 6.235043 	 9.710288 
726 	 3.487530 	 3.487530 	 6.222783 	 9.710312 
727 	 3.502827 	 3.502827 	 6.207512 	 9.710339 
728 	 3.521526 	 3.521526 	 6.188843 	 9.710369 
729 	 3.544038 	 3.544038 	 6.166362 	 9.710400 
730 	 3.570768 	 3.570768 	 6.139661 	 9.710429 
731 	 3.602063 	 3.602063 	 6.108388 	 9.710451 
732 	 3.638136 	 3.638136 	 6.072325 	 9.710461 
733 	 3.678980 	 3.678980 	 6.031473 	 9.710453 
734 	 3.724302 	 3.724302 	 5.986122 	 9.710425 
735 	 3.773492 	 3.773492 	 5.936886 	 9.710377 
736 	 3.825632 	 3.825632 	 5.884683 	 9.710315 
737 	 3.879556 	 3.879556 	 5.830686 	 9.710242 
738 	 3.933941 	 3.933941 	 5.776226 	 9.710167 
739 	 3.987403 	 3.987403 	 5.722692 	 9.710094 
740 	 4.038599 	 4.038599 	 5.671431 	 9.710030 
741 	 4.086303 	 4.086303 	 5.623674 	 9.709977 
742 	 4.129461 	 4.129461 	 5.580475 	 9.709936 
743 	 4.167227 	 4.167227 	 5.542682 	 9.709909 
744 	 4.198969 	 4.198969 	 5.510925 	 9.709894 
745 	 4.224269 	 4.224269 	 5.485622 	 9.709891 
746 	 4.242907 	 4.242907 	 5.466991 	 9.709898 
747 	 4.254839 	 4.254839 	 5.455074 	 9.709912 
748 	 4.260166 	 4.260166 	 5.449767 	 9.709932 
749 	 4.259103 	 4.259103 	 5.450853 	 9.709956 
750 	 4.251943 	 4.251943 	 5.458037 	 9.709980 
751 	 4.239025 	 4.239025 	 5.470978 	 9.710003 
752 	 4.220701 	 4.220701 	 5.489323 	 9.710024 
753 	 4.197319 	 4.197319 	 5.512723 	 9.710042 
754 	 4.169203 	 4.169203 	 5.540853 	 9.710056 
755 	 4.136660 	 4.136660 	 5.573408 	 9.710068 
756 	 4.099984 	 4.099984 	 5.610097 	 9.710080 
757 	 4.059480 	 4.059480 	 5.650614 	 9.710094 
758 	 4.015496 	 4.015496 	 5.694615 	 9.710111 
759 	 3.968458 	 3.968458 	 5.741678 	 9.710136 
760 	 3.918904 	 3.918904 	 5.791267 	 9.710170 
761 	 3.867510 	 3.867510 	 5.842705 	 9.710215 
762 	 3.815108 	 3.815108 	 5.895161 	 9.710270 
763 	 3.762677 	 3.762677 	 5.947656 	 9.710333 
764 	 3.711313 	 3.711313 	 5.999089 	 9.710402 
765 	 3.662177 	 3.662177 	 6.048295 	 9.710472 
766 	 3.616426 	 3.616426 	 6.094112 	 9.710538 
767 	 3.575133 	 3.575133 	 6.135461 	 9.710594 
768 	 3.539215 	 3.539215 	 6.171423 	 9.710638 
769 	 3.509373 	 3.509373 	 6.201294 	 9.710666 
770 	 3.486064 	 3.486064 	 6.224616 	 9.710680 
771 	 3.469495 	 3.469495 	 6.241184 	 9.710679 
772 	 3.459641 	 3.459641 	 6.251026 	 9.710667 
773 	 3.456282 	 3.456282 	 6.254364 	 9.710646 
774 	 3.459044 	 3.459044 	 6.251575 	 9.710619 
775 	 3.467441 	 3.467441 	 6.243147 	 9.710588 
776 	 3.480914 	 3.480914 	 6.229641 	 9.710555 
777 	 3.498852 	 3.498852 	 6.211669 	 9.710520 
778 	 3.520612 	 3.520612 	 6.189873 	 9.710485 
779 	 3.545534 	 3.545534 	 6.164914 	 9.710448 
780 	 3.572943 	 3.572943 	 6.137468 	 9.710411 
781 	 3.602157 	 3.602157 	 6.108217 	 9.710374 
782 	 3.632491 	 3.632491 	 6.077845 	 9.710336 
783 	 3.663265 	 3.663265 	 6.047033 	 9.710298 
784 	 3.693815 	 3.693815 	 6.016447 	 9.710261 
785 	 3.723505 	 3.723505 	 5.986722 	 9.710227 
786 	 3.751745 	 3.751745 	 5.958450 	 9.710196 
787 	 3.778012 	 3.778012 	 5.932157 	 9.710169 
788 	 3.801868 	 3.801868 	 5.908281 	 9.710149 
789 	 3.822981 	 3.822981 	 5.887155 	 9.710136 
790 	 3.841141 	 3.841141 	 5.868991 	 9.710132 
791 	 3.856276 	 3.856276 	 5.853860 	 9.710136 
792 	 3.868456 	 3.868456 	 5.841694 	 9.710150 
793 	 3.877888 	 3.877888 	 5.832283 	 9.710171 
794 	 3.884912 	 3.884912 	 5.825288 	 9.710200 
795 	 3.889972 	 3.889972 	 5.820262 	 9.710234 
796 	 3.893593 	 3.893593 	 5.816678 	 9.710271 
797 	 3.896344 	 3.896344 	 5.813964 	 9.710308 
798 	 3.898803 	 3.898803 	 5.811540 	 9.710343 
799 	 3.901517 	 3.901517 	 5.808858 	 9.710374 
800 	 3.904975 	 3.904975 	 5.805425 	 9.710400 
801 	 3.909584 	 3.909584 	 5.800835 	 9.710419 
802 	 3.915653 	 3.915653 	 5.794779 	 9.710432 
803 	 3.923392 	 3.923392 	 5.787047 	 9.710439 
804 	 3.932914 	 3.932914 	 5.777526 	 9.710440 
805 	 3.944249 	 3.944249 	 5.766187 	 9.710437 
806 	 3.957360 	 3.957360 	 5.753071 	 9.710430 
807 	 3.972155 	 3.972155 	 5.738267 	 9.710422 
808 	 3.988506 	 3.988506 	 5.721906 	 9.710412 
809 	 4.006260 	 4.006260 	 5.704141 	 9.710401 
810 	 4.025239 	 4.025239 	 5.685151 	 9.710389 
811 	 4.045243 	 4.045243 	 5.665133 	 9.710376 
812 	 4.066045 	 4.066045 	 5.644315 	 9.710360 
813 	 4.087378 	 4.087378 	 5.622964 	 9.710341 
814 	 4.108926 	 4.108926 	 5.601393 	 9.710319 
815 	 4.130318 	 4.130318 	 5.579975 	 9.710293 
816 	 4.151122 	 4.151122 	 5.559141 	 9.710263 
817 	 4.170855 	 4.170855 	 5.539375 	 9.710230 
818 	 4.188993 	 4.188993 	 5.521203 	 9.710196 
819 	 4.204998 	 4.204998 	 5.505164 	 9.710162 
820 	 4.218343 	 4.218343 	 5.491788 	 9.710131 
821 	 4.228545 	 4.228545 	 5.481558 	 9.710104 
822 	 4.235199 	 4.235199 	 5.474884 	 9.710083 
823 	 4.237999 	 4.237999 	 5.472071 	 9.710070 
824 	 4.236765 	 4.236765 	 5.473300 	 9.710065 
825 	 4.231450 	 4.231450 	 5.478619 	 9.710068 
826 	 4.222138 	 4.222138 	 5.487941 	 9.710079 
827 	 4.209036 	 4.209036 	 5.501060 	 9.710095 
828 	 4.192440 	 4.192440 	 5.517675 	 9.710115 
829 	 4.172709 	 4.172709 	 5.537427 	 9.710135 
830 	 4.150218 	 4.150218 	 5.559936 	 9.710154 
831 	 4.125326 	 4.125326 	 5.584843 	 9.710169 
832 	 4.098344 	 4.098344 	 5.611835 	 9.710179 
833 	 4.069519 	 4.069519 	 5.640666 	 9.710185 
834 	 4.039038 	 4.039038 	 5.671149 	 9.710187 
835 	 4.007042 	 4.007042 	 5.703145 	 9.710188 
836 	 3.973657 	 3.973657 	 5.736533 	 9.710190 
837 	 3.939022 	 3.939022 	 5.771172 	 9.710195 
838 	 3.903330 	 3.903330 	 5.806874 	 9.710204 
839 	 3.866840 	 3.866840 	 5.843379 	 9.710219 
840 	 3.829893 	 3.829893 	 5.880347 	 9.710239 
841 	 3.792901 	 3.792901 	 5.917362 	 9.710263 
842 	 3.756337 	 3.756337 	 5.953952 	 9.710289 
843 	 3.720701 	 3.720701 	 5.989614 	 9.710315 
844 	 3.686494 	 3.686494 	 6.023845 	 9.710339 
845 	 3.654194 	 3.654194 	 6.056166 	 9.710360 
846 	 3.624233 	 3.624233 	 6.086145 	 9.710378 
847 	 3.596982 	 3.596982 	 6.113409 	 9.710391 
848 	 3.572750 	 3.572750 	 6.137650 	 9.710400 
849 	 3.551773 	 3.551773 	 6.158631 	 9.710405 
850 	 3.534222 	 3.534222 	 6.176184 	 9.710405 
851 	 3.520187 	 3.520187 	 6.190213 	 9.710400 
852 	 3.509680 	 3.509680 	 6.200710 	 9.710389 
853 	 3.502615 	 3.502615 	 6.207757 	 9.710372 
854 	 3.498803 	 3.498803 	 6.211544 	 9.710347 
855 	 3.497940 	 3.497940 	 6.212374 	 9.710314 
856 	 3.499609 	 3.499609 	 6.210665 	 9.710274 
857 	 3.503295 	 3.503295 	 6.206934 	 9.710229 
858 	 3.508409 	 3.508409 	 6.201772 	 9.710181 
859 	 3.514330 	 3.514330 	 6.195805 	 9.710134 
860 	 3.520454 	 3.520454 	 6.189638 	 9.710092 
861 	 3.526252 	 3.526252 	 6.183806 	 9.710058 
862 	 3.531321 	 3.531321 	 6.178714 	 9.710035 
863 	 3.535433 	 3.535433 	 6.174593 	 9.710026 
864 	 3.538564 	 3.538564 	 6.171468 	 9.710032 
865 	 3.540912 	 3.540912 	 6.169141 	 9.710052 
866 	 3.542889 	 3.542889 	 6.167197 	 9.710086 
867 	 3.545102 	 3.545102 	 6.165029 	 9.710131 
868 	 3.548304 	 3.548304 	 6.161879 	 9.710183 
869 	 3.553332 	 3.553332 	 6.156904 	 9.710236 
870 	 3.561040 	 3.561040 	 6.149247 	 9.710287 
871 	 3.572211 	 3.572211 	 6.138119 	 9.710330 
872 	 3.587482 	 3.587482 	 6.122877 	 9.710360 
873 	 3.607280 	 3.607280 	 6.103094 	 9.710374 
874 	 3.631769 	 3.631769 	 6.078603 	 9.710372 
875 	 3.660839 	 3.660839 	 6.049515 	 9.710354 
876 	 3.694114 	 3.694114 	 6.016208 	 9.710322 
877 	 3.730998 	 3.730998 	 5.979283 	 9.710281 
878 	 3.770730 	 3.770730 	 5.939505 	 9.710235 
879 	 3.812455 	 3.812455 	 5.897734 	 9.710189 
880 	 3.855286 	 3.855286 	 5.854860 	 9.710145 
881 	 3.898360 	 3.898360 	 5.811746 	 9.710106 
882 	 3.940874 	 3.940874 	 5.769199 	 9.710073 
883 	 3.982098 	 3.982098 	 5.727947 	 9.710045 
884 	 4.021380 	 4.021380 	 5.688642 	 9.710021 
885 	 4.058139 	 4.058139 	 5.651863 	 9.710001 
886 	 4.091848 	 4.091848 	 5.618135 	 9.709983 
887 	 4.122023 	 4.122023 	 5.587942 	 9.709966 
888 	 4.148208 	 4.148208 	 5.561741 	 9.709949 
889 	 4.169965 	 4.169965 	 5.539966 	 9.709931 
890 	 4.186880 	 4.186880 	 5.523034 	 9.709914 
891 	 4.198562 	 4.198562 	 5.511336 	 9.709898 
892 	 4.204665 	 4.204665 	 5.505220 	 9.709885 
893 	 4.204909 	 4.204909 	 5.504968 	 9.709877 
894 	 4.199114 	 4.199114 	 5.510762 	 9.709876 
895 	 4.187237 	 4.187237 	 5.522648 	 9.709885 
896 	 4.169405 	 4.169405 	 5.540501 	 9.709906 
897 	 4.145946 	 4.145946 	 5.563994 	 9.709940 
898 	 4.117398 	 4.117398 	 5.592588 	 9.709987 
899 	 4.084504 	 4.084504 	 5.625540 	 9.710044 
900 	 4.048180 	 4.048180 	 5.661929 	 9.710109 
901 	 4.009462 	 4.009462 	 5.700715 	 9.710177 
902 	 3.969443 	 3.969443 	 5.740800 	 9.710243 
903 	 3.929192 	 3.929192 	 5.781111 	 9.710302 
904 	 3.889693 	 3.889693 	 5.820659 	 9.710352 
905 	 3.851787 	 3.851787 	 5.858603 	 9.710390 
906 	 3.816141 	 3.816141 	 5.894274 	 9.710415 
907 	 3.783232 	 3.783232 	 5.927196 	 9.710428 
908 	 3.753360 	 3.753360 	 5.957069 	 9.710429 
909 	 3.726661 	 3.726661 	 5.983761 	 9.710422 
910 	 3.703137 	 3.703137 	 6.007270 	 9.710407 
911 	 3.682684 	 3.682684 	 6.027703 	 9.710387 
912 	 3.665126 	 3.665126 	 6.045238 	 9.710364 
913 	 3.650256 	 3.650256 	 6.060086 	 9.710342 
914 	 3.637876 	 3.637876 	 6.072448 	 9.710323 
915 	 3.627849 	 3.627849 	 6.082463 	 9.710312 
916 	 3.620154 	 3.620154 	 6.090157 	 9.710311 
917 	 3.614927 	 3.614927 	 6.095396 	 9.710324 
918 	 3.612491 	 3.612491 	 6.097858 	 9.710349 
919 	 3.613344 	 3.613344 	 6.097041 	 9.710385 
920 	 3.618111 	 3.618111 	 6.092313 	 9.710424 
921 	 3.627446 	 3.627446 	 6.083012 	 9.710458 
922 	 3.641899 	 3.641899 	 6.068578 	 9.710477 
923 	 3.661772 	 3.661772 	 6.048701 	 9.710473 
924 	 3.687003 	 3.687003 	 6.023439 	 9.710442 
925 	 3.717089 	 3.717089 	 5.993294 	 9.710383 
926 	 3.751097 	 3.751097 	 5.959204 	 9.710301 
927 	 3.787735 	 3.787735 	 5.922470 	 9.710206 
928 	 3.825488 	 3.825488 	 5.884619 	 9.710107 
929 	 3.862771 	 3.862771 	 5.847245 	 9.710016 
930 	 3.898082 	 3.898082 	 5.811857 	 9.709939 
931 	 3.930123 	 3.930123 	 5.779758 	 9.709881 
932 	 3.957877 	 3.957877 	 5.751968 	 9.709844 
933 	 3.980631 	 3.980631 	 5.729195 	 9.709827 
934 	 3.997977 	 3.997977 	 5.711849 	 9.709826 
935 	 4.009768 	 4.009768 	 5.700070 	 9.709838 
936 	 4.016086 	 4.016086 	 5.693775 	 9.709861 
937 	 4.017189 	 4.017189 	 5.692702 	 9.709891 
938 	 4.013483 	 4.013483 	 5.696445 	 9.709928 
939 	 4.005490 	 4.005490 	 5.704479 	 9.709969 
940 	 3.993827 	 3.993827 	 5.716186 	 9.710013 
941 	 3.979180 	 3.979180 	 5.730878 	 9.710058 
942 	 3.962278 	 3.962278 	 5.747825 	 9.710103 
943 	 3.943847 	 3.943847 	 5.766295 	 9.710143 
944 	 3.924567 	 3.924567 	 5.785608 	 9.710175 
945 	 3.905019 	 3.905019 	 5.805178 	 9.710197 
946 	 3.885640 	 3.885640 	 5.824567 	 9.710207 
947 	 3.866697 	 3.866697 	 5.843507 	 9.710204 
948 	 3.848279 	 3.848279 	 5.861912 	 9.710191 
949 	 3.830321 	 3.830321 	 5.879849 	 9.710170 
950 	 3.812649 	 3.812649 	 5.897497 	 9.710146 
951 	 3.795040 	 3.795040 	 5.915083 	 9.710124 
952 	 3.777284 	 3.777284 	 5.932822 	 9.710106 
953 	 3.759231 	 3.759231 	 5.950865 	 9.710096 
954 	 3.740821 	 3.740821 	 5.969272 	 9.710093 
955 	 3.722089 	 3.722089 	 5.988007 	 9.710096 
956 	 3.703157 	 3.703157 	 6.006947 	 9.710104 
957 	 3.684211 	 3.684211 	 6.025906 	 9.710117 
958 	 3.665493 	 3.665493 	 6.044640 	 9.710134 
959 	 3.647306 	 3.647306 	 6.062850 	 9.710156 
960 	 3.630027 	 3.630027 	 6.080159 	 9.710186 
961 	 3.614137 	 3.614137 	 6.096088 	 9.710225 
962 	 3.600249 	 3.600249 	 6.110025 	 9.710275 
963 	 3.589117 	 3.589117 	 6.121216 	 9.710334 
964 	 3.581622 	 3.581622 	 6.128778 	 9.710400 
965 	 3.578729 	 3.578729 	 6.131739 	 9.710468 
966 	 3.581411 	 3.581411 	 6.129120 	 9.710532 
967 	 3.590553 	 3.590553 	 6.120030 	 9.710583 
968 	 3.606841 	 3.606841 	 6.103775 	 9.710616 
969 	 3.630661 	 3.630661 	 6.079963 	 9.710624 
970 	 3.662014 	 3.662014 	 6.048591 	 9.710605 
971 	 3.700476 	 3.700476 	 6.010082 	 9.710558 
972 	 3.745196 	 3.745196 	 5.965291 	 9.710487 
973 	 3.794944 	 3.794944 	 5.915453 	 9.710397 
974 	 3.848189 	 3.848189 	 5.862105 	 9.710294 
975 	 3.903209 	 3.903209 	 5.806977 	 9.710186 
976 	 3.958202 	 3.958202 	 5.751879 	 9.710080 
977 	 4.011386 	 4.011386 	 5.698595 	 9.709981 
978 	 4.061089 	 4.061089 	 5.648803 	 9.709892 
979 	 4.105807 	 4.105807 	 5.604009 	 9.709816 
980 	 4.144243 	 4.144243 	 5.565509 	 9.709753 
981 	 4.175334 	 4.175334 	 5.534370 	 9.709703 
982 	 4.198252 	 4.198252 	 5.511416 	 9.709668 
983 	 4.212422 	 4.212422 	 5.497225 	 9.709646 
984 	 4.217520 	 4.217520 	 5.492120 	 9.709640 
985 	 4.213486 	 4.213486 	 5.496162 	 9.709649 
986 	 4.200532 	 4.200532 	 5.509141 	 9.709673 
987 	 4.179148 	 4.179148 	 5.530566 	 9.709714 
988 	 4.150093 	 4.150093 	 5.559677 	 9.709770 
989 	 4.114379 	 4.114379 	 5.595459 	 9.709838 
990 	 4.073229 	 4.073229 	 5.636686 	 9.709916 
991 	 4.028010 	 4.028010 	 5.681987 	 9.709997 
992 	 3.980143 	 3.980143 	 5.729932 	 9.710075 
993 	 3.931007 	 3.931007 	 5.779136 	 9.710142 
994 	 3.881827 	 3.881827 	 5.828367 	 9.710195 
995 	 3.833588 	 3.833588 	 5.876640 	 9.710227 
996 	 3.786968 	 3.786968 	 5.923272 	 9.710240 
997 	 3.742332 	 3.742332 	 5.967902 	 9.710234 
998 	 3.699771 	 3.699771 	 6.010447 	 9.710218 
999 	 3.659183 	 3.659183 	 6.051015 	 9.710198 
